-7.25188978898941e-14,
1,
-0.999999999998874,
1.50095819543886e-06,
-0.00307695953828189,
-0.999995266148795,
0.999957437162895,
-0.00922625940537604,
0.0184487320137227,
0.999829807660827,
-0.999527344250425,
0.0307422851410420,
-0.0461020963433704,
-0.998936733088110,
0.997916487018629,
-0.0645188727148798,
0.0859766800070835,
0.996297149697298,
-0.993881643294623,
0.110450346862196,
-0.137902453909042,
-0.990445815381066,
0.985739249254364,
-0.168279922983830,
0.201510229014445,
0.979486410116315,
-0.971388206884085,
0.237497266355894,
-0.276116912753275,
-0.961124055724130,
0.948354536242079,
-0.317212347787837,
0.360589198697664,
0.932724734196846,
-0.913868365104740,
0.406010604862472,
-0.453192312913396,
-0.891412770559300,
0.864984872856648,
-0.501797937151169,
0.551434544378020,
0.834218162872642,
-0.798760780341518,
0.601648747848950,
-0.651923521093382,
-0.758284723995682,
0.712496200718622,
-0.701675967923606,
0.750256308836890,
0.661147087303911,
-0.604047435086157,
0.796948364805296,
-0.840971835428243,
-0.541078896295589,
0.472208891437111,
-0.881486677634855,
0.917599891364898,
0.397505269609257,
-0.317151139183326,
0.948375007533791,
-0.972844548538193,
-0.231459465953585,
0.140886951615121,
-0.990025690002335,
0.998939291848546,
0.0460466198664568,
0.0522815460506274,
0.998632384785591,
-0.988204093012813,
0.153142647726631,
-0.255402396972197,
-0.966834844025005,
0.933818561426475,
-0.357746969708185,
0.458688060205934,
0.888597357313489,
-0.830798039185245,
0.556574000547953,
-0.649607764197679,
-0.760269526348448,
0.677120038236709,
-0.735872579879369,
0.813365735204157,
0.581752680093354,
-0.474897820572955,
0.880040942237949,
-0.933859364558588,
-0.357640444058317,
0.231440483322130,
-0.972849064695865,
0.995172222610845,
0.0981440132855298,
0.0400168664967398,
0.999199004400916,
-0.983586434804409,
0.180437593834412,
-0.320170131479914,
-0.947360061913175,
0.889995618520130,
-0.455969076818780,
0.584356156378988,
0.811497308992443,
-0.712468817331619,
0.701703772492413,
-0.804337506803785,
-0.594172681254087,
0.458573354097731,
-0.888656558469894,
0.951270017795834,
0.308359130305418,
-0.146938191795686,
0.989145675718099,
-0.999766787638013,
0.0215956091826300,
-0.192530936352865,
-0.981290904139588,
0.932703624654973,
-0.360643797333983,
0.520340278973175,
0.853959011942680,
-0.746097527033894,
0.665836676786363,
-0.791374380254802,
-0.611331816836264,
0.453090623990934,
-0.891464461687344,
0.961154304071380,
0.276011600779860,
-0.0858749923311902,
0.996305919731544,
-0.993873019636748,
0.110527918817519,
-0.305595008576049,
-0.952161588562259,
0.871056925867992,
-0.491182076115775,
0.658935937830248,
0.752199062639520,
-0.599088401079506,
0.800682888347191,
-0.908858506898042,
-0.417104560558935,
0.213423934822759,
-0.976959683940320,
0.999994961194413,
-0.00317452134734989,
0.222620229929125,
0.974905243203822,
-0.900924113524757,
0.433976660282130,
-0.625971610849037,
-0.779845845286786,
0.616170175127131,
-0.787613049208684,
0.908862263200347,
0.417096375590034,
-0.192345350450523,
0.981327298183468,
-0.998932091816382,
0.0462025533855710,
-0.285054746400513,
-0.958511237051783,
0.860277784404373,
-0.509825591413675,
0.706099386086855,
0.708112743119178,
-0.509630600925588,
0.860393311573390,
-0.961161760794577,
-0.275985632934520,
0.0213990290924504,
-0.999771014559784,
0.971364674868110,
-0.237593494057332,
0.483150855968968,
0.875537121072804,
-0.716735854641144,
0.697344760266992,
-0.863513987318534,
-0.504324889040038,
0.252260704485436,
-0.967659308316988,
0.999765814201227,
-0.0216406274067606,
0.296832944712137,
0.954929423011733,
-0.834164359687915,
0.551515929984303,
-0.764367924065673,
-0.644780332097323,
0.400242902295995,
-0.916409089414591,
0.992838060602129,
0.119467926322518,
0.174450758239116,
0.984665899150467,
-0.889966872348897,
0.456025181455500,
-0.699554334280643,
-0.714579410135197,
0.472124212478344,
-0.881532034580538,
0.983064559531182,
0.183259574903366,
0.125836064410054,
0.992051049540188,
-0.904872498462358,
0.425682700525275,
-0.686260925342583,
-0.727355444296626,
0.474826490159057,
-0.880079430644320,
0.985244549759113,
0.171152496826554,
0.153236091985730,
0.988189607369426,
-0.885718102338980,
0.464223484099024,
-0.727552153761549,
-0.686052376686308,
0.408660346340820,
-0.912686540565051,
0.996570034542613,
0.0827536479663319,
0.255498173514883,
0.966809538291053,
-0.823837412455218,
0.566826179563975,
-0.813419869243904,
-0.581676986238265,
0.267074136989867,
-0.963675985666924,
0.996544898363976,
-0.0830557977791551,
0.425697640401435,
0.904865470087488,
-0.697145712126580,
0.716929463799280,
-0.917646422903452,
-0.397397839114028,
0.0428632371125691,
-0.999080949124860,
0.947330743660533,
-0.320256868959250,
0.642649623174418,
0.766160206375780,
-0.477511110849419,
0.878625710422450,
-0.992842005020945,
-0.119435141671076,
-0.258483397467624,
-0.966015700303879,
0.798679498585584,
-0.601756643950925,
0.858849573994071,
0.512227888005137,
-0.146849111218682,
0.989158904592323,
-0.969873189029130,
0.243610338866119,
-0.599302298596551,
-0.800522800985013,
0.504282117173026,
-0.863538966289009,
0.992090098714805,
0.125527829711375,
0.276264055438076,
0.961081771584972,
-0.772045401157911,
0.635567383171069,
-0.891504582327997,
-0.453011677209521,
0.0551262527034179,
-0.998479392007105,
0.934869098303709,
-0.354992632369759,
0.706146149843889,
0.708066109244506,
-0.354657244860573,
0.934996384307398,
-0.997905432634756,
0.0646896245006988,
-0.475111793093851,
-0.879925442331988,
0.599018694897779,
-0.800735039300118,
0.978903770206382,
0.204321826234328,
0.231682870301796,
0.972791369004023,
-0.779794166980936,
0.626035987098591,
-0.901050443212466,
-0.433714305489938,
-0.000189120737237520,
-0.999999982116673,
0.899547806721647,
-0.436822324775502,
0.787665762531162,
0.616102788937206,
-0.204314479760176,
0.978905303571458,
-0.967579368272818,
0.252567151650356,
-0.659010449876147,
-0.752133782617188,
0.374678680491631,
-0.927154726237779,
0.996281259887624,
-0.0861606127922125,
0.530897505021568,
0.847436038389844,
-0.509558279917256,
0.860436144851998,
-0.998480632887092,
-0.0551037725513631,
-0.414580628127549,
-0.910012583858799,
0.611240350621446,
-0.791445028901042,
0.985776102431351,
0.168063904141418,
0.317384578862626,
0.948296909781000,
-0.683769957441378,
0.729697639643035,
-0.967680129822757,
-0.252180820734274,
-0.243646732173462,
-0.969864047122685,
0.731514701545121,
-0.681825667911785,
0.951310738905303,
0.308233479757549,
0.195673062155994,
0.980669186192009,
-0.758168269212794,
0.652058950984401,
-0.941388839100135,
-0.337323366545663,
-0.174530566555372,
-0.984651756377787,
0.766126444659881,
-0.642689871394292,
0.940348494952648,
0.340212739385653,
0.180583747736169,
0.983559611845444,
-0.756156356724518,
0.654390987243180,
-0.948430688491808,
-0.316984588153675,
-0.213734795658481,
-0.976891722313598,
0.727300849398683,
-0.686318784868922,
0.963694022489437,
0.267009046697164,
0.273354627195841,
0.961913326547991,
-0.676998532466736,
0.735984366028169,
-0.981935798026768,
-0.189214398377964,
-0.357908150984498,
-0.933756796740381,
0.601443715009590,
-0.798915175519568,
0.996576490415203,
0.0826758655939990,
0.464296600940785,
0.885679776417433,
-0.496247811054794,
0.868180920098643,
-0.998622873153517,
0.0524629127538158,
-0.586976720537244,
-0.809603810235193,
0.357482048633220,
-0.933920009907164,
0.976888834961447,
-0.213747992102069,
0.716982827415401,
0.697090829943572,
-0.183163664005891,
0.983082434075565,
-0.918708433352719,
0.394936468924551,
-0.841079020983067,
-0.540912266880836,
-0.0248263002501247,
-0.999691779908133,
0.811399940275313,
-0.584491348884839,
0.941397952305743,
0.337297932686451,
0.258555894200914,
0.965996298944238,
-0.644694281686993,
0.764440503348751,
-0.996050707623654,
-0.0887861917328248,
-0.501983583373807,
-0.864877148514858,
0.414176283521702,
-0.910196685430216,
0.981259392089289,
-0.192691477332441,
0.729725349417969,
0.683740385246347,
-0.125454864167235,
0.992099328221112,
-0.875475472860412,
0.483262554332361,
-0.907635065609023,
-0.419760154941968,
-0.201736629531845,
-0.979439805350554,
0.665586910438510,
-0.746320349885302,
0.996319698623729,
0.0857149819711983,
0.530943295026263,
0.847407350373275,
-0.354589881194837,
0.935021933515055,
-0.958470581056877,
0.285191418609490,
-0.809888286976586,
-0.586584147943099,
-0.0309898252484794,
-0.999519700021500,
0.770036337840498,
-0.638000030098114,
0.976993307550806,
0.213269962725501,
0.436883082045280,
0.899518300326690,
-0.433650739773640,
0.901081037362220,
-0.974870146011434,
0.222773872829927,
-0.783906016956290,
-0.620879502463824,
-0.00948291203356501,
-0.999955036178809,
0.770032507381003,
-0.638004653256170,
0.981357022797003,
0.192193636229201,
0.475183111025741,
0.879886930801849,
-0.374614665054386,
0.927180593372289,
-0.952108825563206,
0.305759356822734,
-0.846047422368210,
-0.533107643074180,
-0.138152201313991,
-0.990411010274067,
0.665573467982438,
-0.746332337982102,
0.999774247095565,
0.0212474667783308,
0.635640385227555,
0.771985298219963,
-0.167997321363663,
0.985787451743343,
-0.853861370784367,
0.520500489415948,
-0.954131617453138,
-0.299387468969992,
-0.406236919320707,
-0.913767785261015,
0.414148959990796,
-0.910209118246209,
0.954885304617670,
-0.296974839044015,
0.858904924930978,
0.512135070005278,
0.195737827243116,
0.980656261381196,
-0.594009686660922,
0.804457887122125,
-0.994514299129645,
0.104600711406142,
-0.750417048031448,
-0.660964639011625,
-0.0248683141053668,
-0.999690735654561,
0.714477552383200,
-0.699658364589827,
0.999086152951328,
0.0427417709145989,
0.654439789122125,
0.756114119967210,
-0.0979274227302492,
0.995193559001168,
-0.787373454663826,
0.616476311702852,
-0.990059284812125,
-0.140650675637569,
-0.587020466214713,
-0.809572092061640,
0.171012008049027,
-0.985268944554247,
0.823760834520343,
-0.566937463491652,
0.981947724197866,
0.189152496527622,
0.556767269424154,
0.830668530581225,
-0.195184352640609,
0.980766571863186,
-0.830667694895861,
0.556768516222314,
-0.981948292013438,
-0.189149548801715,
-0.566941172777728,
-0.823758281663629,
0.171006092655769,
-0.985269971264022,
0.809567686572789,
-0.587026541867727,
0.990060551436723,
0.140641759405990,
0.616484584371546,
0.787366977483970,
-0.0979154727713829,
0.995194734809201,
-0.756105279317068,
0.654450003123889,
-0.999086794374920,
-0.0427267750438237,
-0.699670160905136,
-0.714466000547949,
-0.0248863200299204,
-0.999690287576792,
0.660949996405310,
-0.750429944932783,
0.994512100891875,
-0.104621609525132,
0.804471260674264,
0.593991574644928,
0.195761377972228,
0.980651560389527,
-0.512113153771314,
0.858917992438393,
-0.954877280826189,
0.297000637309051,
-0.910220928661672,
-0.414123002290724,
-0.406264349683428,
-0.913755589956254,
0.299357394475250,
-0.954141053709036,
0.853844182829872,
-0.520528684557910,
0.985793250766096,
0.167963289870177,
0.635668194039821,
0.771962400046889,
-0.0212099512784493,
0.999775043680710,
-0.665544341920101,
0.746358311361332,
-0.990405410722272,
0.138192338470868,
-0.846069826445723,
-0.533072085911563,
-0.305800799725146,
-0.952095515632471,
0.374572914894017,
-0.927197460861385,
0.879864819719161,
-0.475224051391098,
0.981366252852945,
0.192146500778362,
0.638042793432541,
0.770000905031156,
0.00953394230674743,
0.999954550939237,
-0.620838320250269,
0.783938632871748,
-0.974858107114177,
0.222826549122323,
-0.901105118963760,
-0.433600697159619,
-0.436934386632038,
-0.899493380619605,
0.213212771740079,
-0.977005790139912,
0.769998031996568,
-0.638046260643703,
0.999517791037091,
-0.0310513349203192,
0.809925263776347,
0.586533091220619,
0.285253278861083,
0.958452172462978,
-0.354528129551034,
0.935045349358546,
-0.847371486873210,
0.531000530352170,
-0.996325614360947,
-0.0856461917908914,
-0.746367301881617,
-0.665534259585452,
-0.201807193724090,
-0.979425268492297,
0.419693400012496,
-0.907665935234958,
0.875439202549344,
-0.483328255577686,
0.992108928742506,
0.125378919716983,
0.729778713015079,
0.683683428225414,
0.192769536679251,
0.981244060225827,
-0.414102509131694,
0.910230252150979,
-0.864835705466055,
0.502054979609834,
-0.996058166909589,
-0.0887024697103202,
-0.764495657125091,
-0.644628877911062,
-0.258639988587223,
-0.965973786550961,
0.337214564422125,
-0.941427818550948,
0.811347299158589,
-0.584564419160167,
0.999689502660317,
-0.0249178303784235,
0.841129354318028,
0.540833994220535,
0.395023340567370,
0.918671083907073,
-0.183069226957384,
0.983100024484399,
-0.697020876142675,
0.717050833777702,
-0.976867655598636,
0.213844764830064,
-0.933955955081665,
-0.357388127905075,
-0.587059349822505,
-0.809543896145217,
-0.0525663359672048,
-0.998617434417697,
0.496156591084439,
-0.868233054613488,
0.885630292211814,
-0.464390983457708,
0.996585419293291,
0.0825681660933293,
0.798981070882462,
0.601356174302313,
0.358011861993549,
0.933717037796736,
-0.189103858832163,
0.981957092023264,
-0.676914572245385,
0.736061588375489,
-0.961881727494998,
0.273465797333486,
-0.963725275900404,
-0.266896220637703,
-0.686405020251955,
-0.727219463554788,
-0.213852096011811,
-0.976866050710820,
0.316869277867787,
-0.948469219713295,
0.756075809486774,
-0.654484048933906,
0.983537107173908,
-0.180706277732624,
0.940391381668171,
0.340094177080744,
0.642787609686527,
0.766044443118989,
0.174657666321481,
0.984629219348651,
-0.337200433945715,
0.941432879894696,
-0.758082135832900,
0.652159087440349,
-0.980643038400571,
0.195804063380962,
-0.951352368327622,
-0.308104967953171,
-0.681925577096198,
-0.731421566062977,
-0.243780656590054,
-0.969830393147442,
0.252045740663513,
-0.967715322092908,
0.683666997541521,
-0.729794105534268,
0.948251643945718,
-0.317519794271544,
0.985800308860269,
0.167921859955753,
0.791534012797884,
0.611125115327523,
0.414714480948938,
0.909951591729611,
-0.0549554028478689,
0.998488810001308,
-0.509429126305652,
0.860512617729374,
-0.847355546298964,
0.531025967497244,
-0.996268057216654,
0.0863131401917126,
-0.927212639994186,
-0.374535339100348,
-0.659127849672097,
-0.752030902148733,
-0.252719639616884,
-0.967539551518134,
0.204158731800736,
-0.978937797936884,
0.615976279876491,
-0.787764700040259,
0.899476984479641,
-0.436968138874463,
0.999999937792472,
-0.000352725179274013,
0.901122039507624,
0.433565531279437,
0.626165897080775,
0.779689854578748,
0.231846400380173,
0.972752407671529,
-0.204155793110312,
0.978938410799934,
-0.598881672965760,
0.800837525210783,
-0.879843420083481,
0.475263670119864,
-0.997894154323911,
0.0648633699877343,
-0.935058651998190,
-0.354493042700880,
-0.706271546531753,
-0.707941030425307,
-0.355159607444036,
-0.934805676726558,
0.0549464107056088,
-0.998489304875406,
0.452849758290135,
-0.891586841769531,
0.771929005082168,
-0.635708747079081,
0.961030751926913,
-0.276441483592447,
0.992113444623345,
0.125343180897889,
0.863633564389591,
0.504120091307349,
0.599453683341351,
0.800409446176447,
0.243795213311809,
0.969826733992340,
-0.146659068674876,
0.989187099377776,
-0.512061584846800,
0.858948737308684,
-0.798562065874851,
0.601912474489183,
-0.965964857195443,
0.258673335818342,
-0.992865648799371,
-0.119238431028779,
-0.878721017238223,
-0.477335703529312,
-0.642803706754699,
-0.766030935786812,
-0.320448819408017,
-0.947265830767693,
0.0426592935063320,
-0.999089677995695,
0.397209133905889,
-0.917728120927834,
0.696997197968785,
-0.717073849769787,
0.904776635735680,
-0.425886416109772,
0.996527423502423,
-0.0832652040628148,
0.963732486350145,
0.266870183335208,
0.813543827114348,
0.581503603913286,
0.567002992520179,
0.823715731592618,
0.255707131812512,
0.966754292848094,
-0.0825367535572634,
0.996588021356984,
-0.408460330489872,
0.912776072438418,
-0.685891832254320,
0.727703507238224,
-0.885614957036558,
0.464420227674394,
-0.988155312511732,
0.153457089620651,
-0.985283058700508,
-0.170930670851579,
-0.880187024944268,
-0.474627012631770,
-0.686426850463601,
-0.727198857921698,
-0.425890490201293,
-0.904774718013331,
-0.126065371234878,
-0.992021936337807,
0.183030861423825,
-0.983107167996680,
0.471917789265368,
-0.881642558055637,
0.714414540006667,
-0.699722705810711,
0.889858700312501,
-0.456236225521545,
0.984624238024851,
-0.174685746109928,
0.992866722590542,
0.119229489524679,
0.916505783065059,
0.400021436435979,
0.764524683180853,
0.644594452975836,
0.551719996953072,
0.834029402936193,
0.297067998423388,
0.954856326529139,
0.0218882268522808,
0.999760424064317,
-0.252019595566344,
0.967722131322094,
-0.504108424760109,
0.863640374279643,
-0.716559988714884,
0.697525470913375,
-0.875414535921430,
0.483372930869600,
-0.971304018201731,
0.237841342548286,
-0.999776473986488,
-0.0211424233035429,
-0.961232978544057,
-0.275737485589684,
-0.860525616190607,
-0.509407169050236,
-0.706284297496279,
-0.707928309301294,
-0.510051541003855,
-0.860143840017234,
-0.285307945071166,
-0.958435901080124,
-0.0464679376498683,
-0.998919781949766,
0.192083161818327,
-0.981378652175537,
0.416852175128688,
-0.908974292315510,
0.615957361268167,
-0.787779492687870,
0.779675756648185,
-0.626183451150763,
0.900805528597103,
-0.434222753490525,
0.974844058136608,
-0.222888003974528,
0.999994046330326,
-0.00345069614749717,
0.977018909252040,
0.213152647095819,
0.908974917992193,
0.416850810795764,
0.800851008453551,
0.598863642458724,
0.659148167237171,
0.752013094053474,
0.491429158741978,
0.870917551745372,
0.305866535554293,
0.952074399628524,
0.110812840794364,
0.993841292317382,
-0.0855878693616800,
0.996330626156864,
-0.275733157275206,
0.961234220145666,
-0.452831022905507,
0.891596357492757,
-0.611100165774449,
0.791553275143525,
-0.745901613713374,
0.666056140771770,
-0.853805115834458,
0.520592762315141,
-0.932596403834169,
0.360920971343556,
-0.981233353168745,
0.192824030217245,
-0.999760259769591,
0.0218957298449000,
-0.989189960868257,
-0.146639767176082,
-0.951363466574932,
-0.308070697189018,
-0.888796242006200,
-0.458302564029110,
-0.804519402085409,
-0.593926368894441,
-0.701922963389610,
-0.712252871855459,
-0.584607041298045,
-0.811316588801650,
-0.456245574981608,
-0.889853906722728,
-0.320465881033498,
-0.947260058850485,
-0.180746136283638,
-0.983529783086683,
-0.0403318132594544,
-0.999186341399443,
0.0978288351476076,
-0.995203255126139,
0.231130907976183,
-0.972922660532740,
0.357341867113405,
-0.933973655949624,
0.474615122472748,
-0.880193436421892,
0.581490171785600,
-0.813553427942353,
0.676881427627940,
-0.736092068244430,
0.760057903619689,
-0.649855355556330,
0.830615878748977,
-0.556845815257747,
0.888446534023969,
-0.458980126128350,
0.933700378599500,
-0.358055307184730,
0.966750070853332,
-0.255723093413710,
0.988153009073590,
-0.153471921401961,
0.998614829496822,
-0.0526157990439418,
0.998954716936060,
0.0457107592498348,
0.990073213266303,
0.140552596463168,
0.972923007449485,
0.231129447659637,
0.948483011433843,
0.316827992799545,
0.917735871279329,
0.397191226699648,
0.881648932935249,
0.471905879444342,
0.841158576782739,
0.540788543429718,
0.797157753042550,
0.603771079767947,
0.750486489511902,
0.660885791237867,
0.701925101510083,
0.712250764738136,
0.652189808844795,
0.758055705894356,
0.601930453461330,
0.798548513990126,
0.551730011659742,
0.834022778006657,
0.502105603958520,
0.864806315005533,
0.453510721646137,
0.891250820673956,
0.406338409833985,
0.913722658520401,
0.360925170704672,
0.932594778642795,
0.317555376200978,
0.948239728679333,
0.276466005441908,
0.961023697852969,
0.237851547742553,
0.971301519218658,
0.201868936533051,
0.979412544570987,
0.168642402192646,
0.985677300226952,
0.138268152481232,
0.990394829353136,
0.110818807649480,
0.993840626997683,
0.0863475333455309,
0.996265076917355,
0.0648918281129962,
0.997892304131139,
0.0464769336692583,
0.998919363430654,
0.0311188454003905,
0.999515691453089,
0.0188269077879744,
0.999822758064220,
0.00960598500307765,
0.999953861461678,
0.00345820089392611,
0.999994020405411,
0.000384245300191650,
0.999999926177772,
0.000384245300191650,
0.999999926177772,
0.00345820089392611,
0.999994020405411,
0.00960598500307765,
0.999953861461678,
0.0188269077879744,
0.999822758064220,
0.0311188454003905,
0.999515691453089,
0.0464769336692583,
0.998919363430654,
0.0648918281129962,
0.997892304131139,
0.0863475333455309,
0.996265076917355,
0.110818807649480,
0.993840626997683,
0.138268152481232,
0.990394829353136,
0.168642402192646,
0.985677300226952,
0.201868936533051,
0.979412544570987,
0.237851547742553,
0.971301519218658,
0.276466005441908,
0.961023697852969,
0.317555376200978,
0.948239728679333,
0.360925170704672,
0.932594778642795,
0.406338409833985,
0.913722658520401,
0.453510721646137,
0.891250820673956,
0.502105603958520,
0.864806315005533,
0.551730011659742,
0.834022778006657,
0.601930453461330,
0.798548513990126,
0.652189808844795,
0.758055705894356,
0.701925101510083,
0.712250764738136,
0.750486489511902,
0.660885791237867,
0.797157753042550,
0.603771079767947,
0.841158576782739,
0.540788543429718,
0.881648932935249,
0.471905879444342,
0.917735871279329,
0.397191226699648,
0.948483011433843,
0.316827992799545,
0.972923007449485,
0.231129447659637,
0.990073213266303,
0.140552596463168,
0.998954716936060,
0.0457107592498348,
0.998614829496822,
-0.0526157990439418,
0.988153009073590,
-0.153471921401961,
0.966750070853332,
-0.255723093413710,
0.933700378599500,
-0.358055307184730,
0.888446534023969,
-0.458980126128350,
0.830615878748977,
-0.556845815257747,
0.760057903619689,
-0.649855355556330,
0.676881427627940,
-0.736092068244430,
0.581490171785600,
-0.813553427942353,
0.474615122472748,
-0.880193436421892,
0.357341867113405,
-0.933973655949624,
0.231130907976183,
-0.972922660532740,
0.0978288351476076,
-0.995203255126139,
-0.0403318132594544,
-0.999186341399443,
-0.180746136283638,
-0.983529783086683,
-0.320465881033498,
-0.947260058850485,
-0.456245574981608,
-0.889853906722728,
-0.584607041298045,
-0.811316588801650,
-0.701922963389610,
-0.712252871855459,
-0.804519402085409,
-0.593926368894441,
-0.888796242006200,
-0.458302564029110,
-0.951363466574932,
-0.308070697189018,
-0.989189960868257,
-0.146639767176082,
-0.999760259769591,
0.0218957298449000,
-0.981233353168745,
0.192824030217245,
-0.932596403834169,
0.360920971343556,
-0.853805115834458,
0.520592762315141,
-0.745901613713374,
0.666056140771770,
-0.611100165774449,
0.791553275143525,
-0.452831022905507,
0.891596357492757,
-0.275733157275206,
0.961234220145666,
-0.0855878693616800,
0.996330626156864,
0.110812840794364,
0.993841292317382,
0.305866535554293,
0.952074399628524,
0.491429158741978,
0.870917551745372,
0.659148167237171,
0.752013094053474,
0.800851008453551,
0.598863642458724,
0.908974917992193,
0.416850810795764,
0.977018909252040,
0.213152647095819,
0.999994046330326,
-0.00345069614749717,
0.974844058136608,
-0.222888003974528,
0.900805528597103,
-0.434222753490525,
0.779675756648185,
-0.626183451150763,
0.615957361268167,
-0.787779492687870,
0.416852175128688,
-0.908974292315510,
0.192083161818327,
-0.981378652175537,
-0.0464679376498683,
-0.998919781949766,
-0.285307945071166,
-0.958435901080124,
-0.510051541003855,
-0.860143840017234,
-0.706284297496279,
-0.707928309301294,
-0.860525616190607,
-0.509407169050236,
-0.961232978544057,
-0.275737485589684,
-0.999776473986488,
-0.0211424233035429,
-0.971304018201731,
0.237841342548286,
-0.875414535921430,
0.483372930869600,
-0.716559988714884,
0.697525470913375,
-0.504108424760109,
0.863640374279643,
-0.252019595566344,
0.967722131322094,
0.0218882268522808,
0.999760424064317,
0.297067998423388,
0.954856326529139,
0.551719996953072,
0.834029402936193,
0.764524683180853,
0.644594452975836,
0.916505783065059,
0.400021436435979,
0.992866722590542,
0.119229489524679,
0.984624238024851,
-0.174685746109928,
0.889858700312501,
-0.456236225521545,
0.714414540006667,
-0.699722705810711,
0.471917789265368,
-0.881642558055637,
0.183030861423825,
-0.983107167996680,
-0.126065371234878,
-0.992021936337807,
-0.425890490201293,
-0.904774718013331,
-0.686426850463601,
-0.727198857921698,
-0.880187024944268,
-0.474627012631770,
-0.985283058700508,
-0.170930670851579,
-0.988155312511732,
0.153457089620651,
-0.885614957036558,
0.464420227674394,
-0.685891832254320,
0.727703507238224,
-0.408460330489872,
0.912776072438418,
-0.0825367535572634,
0.996588021356984,
0.255707131812512,
0.966754292848094,
0.567002992520179,
0.823715731592618,
0.813543827114348,
0.581503603913286,
0.963732486350145,
0.266870183335208,
0.996527423502423,
-0.0832652040628148,
0.904776635735680,
-0.425886416109772,
0.696997197968785,
-0.717073849769787,
0.397209133905889,
-0.917728120927834,
0.0426592935063320,
-0.999089677995695,
-0.320448819408017,
-0.947265830767693,
-0.642803706754699,
-0.766030935786812,
-0.878721017238223,
-0.477335703529312,
-0.992865648799371,
-0.119238431028779,
-0.965964857195443,
0.258673335818342,
-0.798562065874851,
0.601912474489183,
-0.512061584846800,
0.858948737308684,
-0.146659068674876,
0.989187099377776,
0.243795213311809,
0.969826733992340,
0.599453683341351,
0.800409446176447,
0.863633564389591,
0.504120091307349,
0.992113444623345,
0.125343180897889,
0.961030751926913,
-0.276441483592447,
0.771929005082168,
-0.635708747079081,
0.452849758290135,
-0.891586841769531,
0.0549464107056088,
-0.998489304875406,
-0.355159607444036,
-0.934805676726558,
-0.706271546531753,
-0.707941030425307,
-0.935058651998190,
-0.354493042700880,
-0.997894154323911,
0.0648633699877343,
-0.879843420083481,
0.475263670119864,
-0.598881672965760,
0.800837525210783,
-0.204155793110312,
0.978938410799934,
0.231846400380173,
0.972752407671529,
0.626165897080775,
0.779689854578748,
0.901122039507624,
0.433565531279437,
0.999999937792472,
-0.000352725179274013,
0.899476984479641,
-0.436968138874463,
0.615976279876491,
-0.787764700040259,
0.204158731800736,
-0.978937797936884,
-0.252719639616884,
-0.967539551518134,
-0.659127849672097,
-0.752030902148733,
-0.927212639994186,
-0.374535339100348,
-0.996268057216654,
0.0863131401917126,
-0.847355546298964,
0.531025967497244,
-0.509429126305652,
0.860512617729374,
-0.0549554028478689,
0.998488810001308,
0.414714480948938,
0.909951591729611,
0.791534012797884,
0.611125115327523,
0.985800308860269,
0.167921859955753,
0.948251643945718,
-0.317519794271544,
0.683666997541521,
-0.729794105534268,
0.252045740663513,
-0.967715322092908,
-0.243780656590054,
-0.969830393147442,
-0.681925577096198,
-0.731421566062977,
-0.951352368327622,
-0.308104967953171,
-0.980643038400571,
0.195804063380962,
-0.758082135832900,
0.652159087440349,
-0.337200433945715,
0.941432879894696,
0.174657666321481,
0.984629219348651,
0.642787609686527,
0.766044443118989,
0.940391381668171,
0.340094177080744,
0.983537107173908,
-0.180706277732624,
0.756075809486774,
-0.654484048933906,
0.316869277867787,
-0.948469219713295,
-0.213852096011811,
-0.976866050710820,
-0.686405020251955,
-0.727219463554788,
-0.963725275900404,
-0.266896220637703,
-0.961881727494998,
0.273465797333486,
-0.676914572245385,
0.736061588375489,
-0.189103858832163,
0.981957092023264,
0.358011861993549,
0.933717037796736,
0.798981070882462,
0.601356174302313,
0.996585419293291,
0.0825681660933293,
0.885630292211814,
-0.464390983457708,
0.496156591084439,
-0.868233054613488,
-0.0525663359672048,
-0.998617434417697,
-0.587059349822505,
-0.809543896145217,
-0.933955955081665,
-0.357388127905075,
-0.976867655598636,
0.213844764830064,
-0.697020876142675,
0.717050833777702,
-0.183069226957384,
0.983100024484399,
0.395023340567370,
0.918671083907073,
0.841129354318028,
0.540833994220535,
0.999689502660317,
-0.0249178303784235,
0.811347299158589,
-0.584564419160167,
0.337214564422125,
-0.941427818550948,
-0.258639988587223,
-0.965973786550961,
-0.764495657125091,
-0.644628877911062,
-0.996058166909589,
-0.0887024697103202,
-0.864835705466055,
0.502054979609834,
-0.414102509131694,
0.910230252150979,
0.192769536679251,
0.981244060225827,
0.729778713015079,
0.683683428225414,
0.992108928742506,
0.125378919716983,
0.875439202549344,
-0.483328255577686,
0.419693400012496,
-0.907665935234958,
-0.201807193724090,
-0.979425268492297,
-0.746367301881617,
-0.665534259585452,
-0.996325614360947,
-0.0856461917908914,
-0.847371486873210,
0.531000530352170,
-0.354528129551034,
0.935045349358546,
0.285253278861083,
0.958452172462978,
0.809925263776347,
0.586533091220619,
0.999517791037091,
-0.0310513349203192,
0.769998031996568,
-0.638046260643703,
0.213212771740079,
-0.977005790139912,
-0.436934386632038,
-0.899493380619605,
-0.901105118963760,
-0.433600697159619,
-0.974858107114177,
0.222826549122323,
-0.620838320250269,
0.783938632871748,
0.00953394230674743,
0.999954550939237,
0.638042793432541,
0.770000905031156,
0.981366252852945,
0.192146500778362,
0.879864819719161,
-0.475224051391098,
0.374572914894017,
-0.927197460861385,
-0.305800799725146,
-0.952095515632471,
-0.846069826445723,
-0.533072085911563,
-0.990405410722272,
0.138192338470868,
-0.665544341920101,
0.746358311361332,
-0.0212099512784493,
0.999775043680710,
0.635668194039821,
0.771962400046889,
0.985793250766096,
0.167963289870177,
0.853844182829872,
-0.520528684557910,
0.299357394475250,
-0.954141053709036,
-0.406264349683428,
-0.913755589956254,
-0.910220928661672,
-0.414123002290724,
-0.954877280826189,
0.297000637309051,
-0.512113153771314,
0.858917992438393,
0.195761377972228,
0.980651560389527,
0.804471260674264,
0.593991574644928,
0.994512100891875,
-0.104621609525132,
0.660949996405310,
-0.750429944932783,
-0.0248863200299204,
-0.999690287576792,
-0.699670160905136,
-0.714466000547949,
-0.999086794374920,
-0.0427267750438237,
-0.756105279317068,
0.654450003123889,
-0.0979154727713829,
0.995194734809201,
0.616484584371546,
0.787366977483970,
0.990060551436723,
0.140641759405990,
0.809567686572789,
-0.587026541867727,
0.171006092655769,
-0.985269971264022,
-0.566941172777728,
-0.823758281663629,
-0.981948292013438,
-0.189149548801715,
-0.830667694895861,
0.556768516222314,
-0.195184352640609,
0.980766571863186,
0.556767269424154,
0.830668530581225,
0.981947724197866,
0.189152496527622,
0.823760834520343,
-0.566937463491652,
0.171012008049027,
-0.985268944554247,
-0.587020466214713,
-0.809572092061640,
-0.990059284812125,
-0.140650675637569,
-0.787373454663826,
0.616476311702852,
-0.0979274227302492,
0.995193559001168,
0.654439789122125,
0.756114119967210,
0.999086152951328,
0.0427417709145989,
0.714477552383200,
-0.699658364589827,
-0.0248683141053668,
-0.999690735654561,
-0.750417048031448,
-0.660964639011625,
-0.994514299129645,
0.104600711406142,
-0.594009686660922,
0.804457887122125,
0.195737827243116,
0.980656261381196,
0.858904924930978,
0.512135070005278,
0.954885304617670,
-0.296974839044015,
0.414148959990796,
-0.910209118246209,
-0.406236919320707,
-0.913767785261015,
-0.954131617453138,
-0.299387468969992,
-0.853861370784367,
0.520500489415948,
-0.167997321363663,
0.985787451743343,
0.635640385227555,
0.771985298219963,
0.999774247095565,
0.0212474667783308,
0.665573467982438,
-0.746332337982102,
-0.138152201313991,
-0.990411010274067,
-0.846047422368210,
-0.533107643074180,
-0.952108825563206,
0.305759356822734,
-0.374614665054386,
0.927180593372289,
0.475183111025741,
0.879886930801849,
0.981357022797003,
0.192193636229201,
0.770032507381003,
-0.638004653256170,
-0.00948291203356501,
-0.999955036178809,
-0.783906016956290,
-0.620879502463824,
-0.974870146011434,
0.222773872829927,
-0.433650739773640,
0.901081037362220,
0.436883082045280,
0.899518300326690,
0.976993307550806,
0.213269962725501,
0.770036337840498,
-0.638000030098114,
-0.0309898252484794,
-0.999519700021500,
-0.809888286976586,
-0.586584147943099,
-0.958470581056877,
0.285191418609490,
-0.354589881194837,
0.935021933515055,
0.530943295026263,
0.847407350373275,
0.996319698623729,
0.0857149819711983,
0.665586910438510,
-0.746320349885302,
-0.201736629531845,
-0.979439805350554,
-0.907635065609023,
-0.419760154941968,
-0.875475472860412,
0.483262554332361,
-0.125454864167235,
0.992099328221112,
0.729725349417969,
0.683740385246347,
0.981259392089289,
-0.192691477332441,
0.414176283521702,
-0.910196685430216,
-0.501983583373807,
-0.864877148514858,
-0.996050707623654,
-0.0887861917328248,
-0.644694281686993,
0.764440503348751,
0.258555894200914,
0.965996298944238,
0.941397952305743,
0.337297932686451,
0.811399940275313,
-0.584491348884839,
-0.0248263002501247,
-0.999691779908133,
-0.841079020983067,
-0.540912266880836,
-0.918708433352719,
0.394936468924551,
-0.183163664005891,
0.983082434075565,
0.716982827415401,
0.697090829943572,
0.976888834961447,
-0.213747992102069,
0.357482048633220,
-0.933920009907164,
-0.586976720537244,
-0.809603810235193,
-0.998622873153517,
0.0524629127538158,
-0.496247811054794,
0.868180920098643,
0.464296600940785,
0.885679776417433,
0.996576490415203,
0.0826758655939990,
0.601443715009590,
-0.798915175519568,
-0.357908150984498,
-0.933756796740381,
-0.981935798026768,
-0.189214398377964,
-0.676998532466736,
0.735984366028169,
0.273354627195841,
0.961913326547991,
0.963694022489437,
0.267009046697164,
0.727300849398683,
-0.686318784868922,
-0.213734795658481,
-0.976891722313598,
-0.948430688491808,
-0.316984588153675,
-0.756156356724518,
0.654390987243180,
0.180583747736169,
0.983559611845444,
0.940348494952648,
0.340212739385653,
0.766126444659881,
-0.642689871394292,
-0.174530566555372,
-0.984651756377787,
-0.941388839100135,
-0.337323366545663,
-0.758168269212794,
0.652058950984401,
0.195673062155994,
0.980669186192009,
0.951310738905303,
0.308233479757549,
0.731514701545121,
-0.681825667911785,
-0.243646732173462,
-0.969864047122685,
-0.967680129822757,
-0.252180820734274,
-0.683769957441378,
0.729697639643035,
0.317384578862626,
0.948296909781000,
0.985776102431351,
0.168063904141418,
0.611240350621446,
-0.791445028901042,
-0.414580628127549,
-0.910012583858799,
-0.998480632887092,
-0.0551037725513631,
-0.509558279917256,
0.860436144851998,
0.530897505021568,
0.847436038389844,
0.996281259887624,
-0.0861606127922125,
0.374678680491631,
-0.927154726237779,
-0.659010449876147,
-0.752133782617188,
-0.967579368272818,
0.252567151650356,
-0.204314479760176,
0.978905303571458,
0.787665762531162,
0.616102788937206,
0.899547806721647,
-0.436822324775502,
-0.000189120737237520,
-0.999999982116673,
-0.901050443212466,
-0.433714305489938,
-0.779794166980936,
0.626035987098591,
0.231682870301796,
0.972791369004023,
0.978903770206382,
0.204321826234328,
0.599018694897779,
-0.800735039300118,
-0.475111793093851,
-0.879925442331988,
-0.997905432634756,
0.0646896245006988,
-0.354657244860573,
0.934996384307398,
0.706146149843889,
0.708066109244506,
0.934869098303709,
-0.354992632369759,
0.0551262527034179,
-0.998479392007105,
-0.891504582327997,
-0.453011677209521,
-0.772045401157911,
0.635567383171069,
0.276264055438076,
0.961081771584972,
0.992090098714805,
0.125527829711375,
0.504282117173026,
-0.863538966289009,
-0.599302298596551,
-0.800522800985013,
-0.969873189029130,
0.243610338866119,
-0.146849111218682,
0.989158904592323,
0.858849573994071,
0.512227888005137,
0.798679498585584,
-0.601756643950925,
-0.258483397467624,
-0.966015700303879,
-0.992842005020945,
-0.119435141671076,
-0.477511110849419,
0.878625710422450,
0.642649623174418,
0.766160206375780,
0.947330743660533,
-0.320256868959250,
0.0428632371125691,
-0.999080949124860,
-0.917646422903452,
-0.397397839114028,
-0.697145712126580,
0.716929463799280,
0.425697640401435,
0.904865470087488,
0.996544898363976,
-0.0830557977791551,
0.267074136989867,
-0.963675985666924,
-0.813419869243904,
-0.581676986238265,
-0.823837412455218,
0.566826179563975,
0.255498173514883,
0.966809538291053,
0.996570034542613,
0.0827536479663319,
0.408660346340820,
-0.912686540565051,
-0.727552153761549,
-0.686052376686308,
-0.885718102338980,
0.464223484099024,
0.153236091985730,
0.988189607369426,
0.985244549759113,
0.171152496826554,
0.474826490159057,
-0.880079430644320,
-0.686260925342583,
-0.727355444296626,
-0.904872498462358,
0.425682700525275,
0.125836064410054,
0.992051049540188,
0.983064559531182,
0.183259574903366,
0.472124212478344,
-0.881532034580538,
-0.699554334280643,
-0.714579410135197,
-0.889966872348897,
0.456025181455500,
0.174450758239116,
0.984665899150467,
0.992838060602129,
0.119467926322518,
0.400242902295995,
-0.916409089414591,
-0.764367924065673,
-0.644780332097323,
-0.834164359687915,
0.551515929984303,
0.296832944712137,
0.954929423011733,
0.999765814201227,
-0.0216406274067606,
0.252260704485436,
-0.967659308316988,
-0.863513987318534,
-0.504324889040038,
-0.716735854641144,
0.697344760266992,
0.483150855968968,
0.875537121072804,
0.971364674868110,
-0.237593494057332,
0.0213990290924504,
-0.999771014559784,
-0.961161760794577,
-0.275985632934520,
-0.509630600925588,
0.860393311573390,
0.706099386086855,
0.708112743119178,
0.860277784404373,
-0.509825591413675,
-0.285054746400513,
-0.958511237051783,
-0.998932091816382,
0.0462025533855710,
-0.192345350450523,
0.981327298183468,
0.908862263200347,
0.417096375590034,
0.616170175127131,
-0.787613049208684,
-0.625971610849037,
-0.779845845286786,
-0.900924113524757,
0.433976660282130,
0.222620229929125,
0.974905243203822,
0.999994961194413,
-0.00317452134734989,
0.213423934822759,
-0.976959683940320,
-0.908858506898042,
-0.417104560558935,
-0.599088401079506,
0.800682888347191,
0.658935937830248,
0.752199062639520,
0.871056925867992,
-0.491182076115775,
-0.305595008576049,
-0.952161588562259,
-0.993873019636748,
0.110527918817519,
-0.0858749923311902,
0.996305919731544,
0.961154304071380,
0.276011600779860,
0.453090623990934,
-0.891464461687344,
-0.791374380254802,
-0.611331816836264,
-0.746097527033894,
0.665836676786363,
0.520340278973175,
0.853959011942680,
0.932703624654973,
-0.360643797333983,
-0.192530936352865,
-0.981290904139588,
-0.999766787638013,
0.0215956091826300,
-0.146938191795686,
0.989145675718099,
0.951270017795834,
0.308359130305418,
0.458573354097731,
-0.888656558469894,
-0.804337506803785,
-0.594172681254087,
-0.712468817331619,
0.701703772492413,
0.584356156378988,
0.811497308992443,
0.889995618520130,
-0.455969076818780,
-0.320170131479914,
-0.947360061913175,
-0.983586434804409,
0.180437593834412,
0.0400168664967398,
0.999199004400916,
0.995172222610845,
0.0981440132855298,
0.231440483322130,
-0.972849064695865,
-0.933859364558588,
-0.357640444058317,
-0.474897820572955,
0.880040942237949,
0.813365735204157,
0.581752680093354,
0.677120038236709,
-0.735872579879369,
-0.649607764197679,
-0.760269526348448,
-0.830798039185245,
0.556574000547953,
0.458688060205934,
0.888597357313489,
0.933818561426475,
-0.357746969708185,
-0.255402396972197,
-0.966834844025005,
-0.988204093012813,
0.153142647726631,
0.0522815460506274,
0.998632384785591,
0.998939291848546,
0.0460466198664568,
0.140886951615121,
-0.990025690002335,
-0.972844548538193,
-0.231459465953585,
-0.317151139183326,
0.948375007533791,
0.917599891364898,
0.397505269609257,
0.472208891437111,
-0.881486677634855,
-0.840971835428243,
-0.541078896295589,
-0.604047435086157,
0.796948364805296,
0.750256308836890,
0.661147087303911,
0.712496200718622,
-0.701675967923606,
-0.651923521093382,
-0.758284723995682,
-0.798760780341518,
0.601648747848950,
0.551434544378020,
0.834218162872642,
0.864984872856648,
-0.501797937151169,
-0.453192312913396,
-0.891412770559300,
-0.913868365104740,
0.406010604862472,
0.360589198697664,
0.932724734196846,
0.948354536242079,
-0.317212347787837,
-0.276116912753275,
-0.961124055724130,
-0.971388206884085,
0.237497266355894,
0.201510229014445,
0.979486410116315,
0.985739249254364,
-0.168279922983830,
-0.137902453909042,
-0.990445815381066,
-0.993881643294623,
0.110450346862196,
0.0859766800070835,
0.996297149697298,
0.997916487018629,
-0.0645188727148798,
-0.0461020963433704,
-0.998936733088110,
-0.999527344250425,
0.0307422851410420,
0.0184487320137227,
0.999829807660827,
0.999957437162895,
-0.00922625940537604,
-0.00307695953828189,
-0.999995266148795,
-0.999999999998874,
1.50095819543886e-06,
-7.25188978898941e-14,
1
