-16.811382,
15.812959,
-9.620409,
20.920723,
-0.955892,
22.856078,
7.786215,
21.270971,
15.191553,
16.443300,
20.114110,
9.208777,
21.881673,
0.763392,
20.368576,
-7.591829,
15.939548,
-14.680860,
9.314908,
-19.601119,
1.422931,
-21.781535,
-6.714835,
-20.983088,
-14.059831,
-17.288418,
-19.623814,
-11.107848,
-22.564675,
-3.191312,
-22.324238,
5.395305,
-18.780170,
13.373785,
-12.351045,
19.451234,
-3.990988,
22.577160,
4.956235,
22.184901,
13.018730,
18.333676,
18.899294,
11.698053,
21.726890,
3.407919,
21.186256,
-5.203135,
17.506318,
-12.856085,
11.342094,
-18.518822,
3.615171,
-21.502348,
-4.628180,
-21.478387,
-12.316888,
-18.463402,
-18.428821,
-12.807997,
-22.075099,
-5.198370,
-22.620396,
3.359845,
-19.828358,
11.620576,
-13.982548,
18.266703,
-5.917511,
22.153682,
3.085187,
22.564891,
11.531583,
19.393718,
18.021213,
13.183733,
21.532443,
5.007926,
21.602395,
-3.772422,
18.359865,
-11.787795,
12.427181,
-17.894797,
4.750301,
-21.313524,
-3.574130,
-21.666750,
-11.431214,
-18.959042,
-17.777834,
-13.542843,
-21.720264,
-6.095748,
-22.612403,
2.404122,
-20.180665,
10.743955,
-14.641904,
17.618927,
-6.754285,
21.852920,
2.252884,
22.651091,
10.884342,
19.804831,
17.677273,
13.771333,
21.507689,
5.589449,
21.811427,
-3.346697,
18.658540,
-11.583280,
12.676660,
-17.879766,
4.872415,
-21.388926,
-3.575063,
-21.721757,
-11.487094,
-18.923766,
-17.802277,
-13.413214,
-21.654757,
-5.921920,
-22.449232,
2.554502,
-19.953813,
10.823833,
-14.396122,
17.619152,
-6.514604,
21.790889,
2.490574,
22.541201,
11.135133,
19.632827,
17.933266,
13.492683,
21.711552,
5.157298,
21.858612,
-3.937304,
18.434071,
-12.260471,
12.112389,
-18.492851,
3.997001,
-21.747411,
-4.620419,
-21.662162,
-12.478924,
-18.375616,
-18.500920,
-12.434374,
-21.878864,
-4.687373,
-22.127941,
3.804643,
-19.137663,
11.853188,
-13.228236,
18.251662,
-5.181561,
21.935739,
3.802710,
22.185266,
12.262509,
18.816603,
18.733604,
12.291246,
22.056435,
3.679628,
21.638394,
-5.533904,
17.585805,
-13.758779,
10.663608,
-19.628282,
2.102819,
-22.255337,
-6.673076,
-21.351115,
-14.314702,
-17.199916,
-19.740481,
-10.534265,
-22.237553,
-2.375200,
-21.493202,
6.111864,
-17.597616,
13.732153,
-11.044140,
19.367745,
-2.719413,
22.104510,
6.152704,
21.387939,
14.151402,
17.177486,
19.891107,
10.038356,
22.305124,
1.109022,
20.900475,
-8.081973,
15.896249,
-15.919281,
8.190507,
-21.042216,
-0.839469,
-22.623123,
-9.639689,
-20.504263,
-16.789942,
-15.169163,
-21.237799,
-7.583642,
-22.414988,
1.021898,
-20.246948,
9.358347,
-15.100063,
16.233767,
-7.711756,
20.662645,
0.878590,
21.956982,
9.413964,
19.822546,
16.551778,
14.453319,
21.061618,
6.583203,
22.067387,
-2.559216,
19.270722,
-11.425975,
13.074287,
-18.439467,
4.543607,
-22.327584,
-4.800949,
-22.405564,
-13.308079,
-18.716836,
-19.539313,
-11.993834,
-22.534385,
-3.463647,
-21.937531,
5.427258,
-17.981183,
13.281698,
-11.371674,
18.951224,
-3.138853,
21.649536,
5.505640,
21.002794,
13.292606,
17.072594,
19.022641,
10.369643,
21.720587,
1.843194,
20.815361,
-7.192285,
16.304870,
-15.226736,
8.839657,
-20.818010,
-0.334453,
-22.897257,
-9.592436,
-21.027952,
-17.262673,
-15.529828,
-21.984707,
-7.418721,
-22.987171,
1.823029,
-20.210332,
10.572524,
-14.256078,
17.388986,
-6.207628,
21.249146,
2.605521,
21.658031,
10.826805,
18.649803,
17.239841,
12.724302,
20.888049,
4.762671,
21.172816,
-4.062549,
17.948146,
-12.398973,
11.599243,
-18.875295,
3.062193,
-22.320508,
-6.264850,
-22.010155,
-14.741244,
-17.870365,
-20.804954,
-10.559635,
-23.315114,
-1.376451,
-21.813414,
8.001143,
-16.621526,
15.875884,
-8.747183,
20.886557,
0.362407,
22.259046,
9.134572,
19.898514,
16.159753,
14.328769,
20.392348,
6.532313,
21.250265,
-2.241274,
18.639421,
-10.651166,
12.940603,
-17.414712,
4.977679,
-21.447932,
-4.045038,
-22.015913,
-12.667965,
-18.886270,
-19.386314,
-12.443901,
-22.930015,
-3.706000,
-22.552209,
5.809453,
-18.236843,
14.361869,
-10.745429,
20.353860,
-1.470976,
22.683263,
7.866228,
20.976692,
15.591224,
15.639526,
20.407135,
7.721914,
21.604892,
-1.339507,
19.120782,
-10.015345,
13.467897,
-16.934991,
5.598144,
-21.058241,
-3.252913,
-21.772771,
-11.715655,
-18.946089,
-18.439136,
-12.953125,
-22.266522,
-4.672581,
-22.434761,
4.580685,
-18.763978,
13.221698,
-11.772018,
19.664539,
-2.648255,
22.650242,
6.943455,
21.546500,
15.202752,
16.521684,
20.584651,
8.527349,
22.132358,
-0.913626,
19.656946,
-10.049648,
13.725277,
-17.269832,
5.483848,
-21.399083,
-3.606801,
-21.858836,
-12.043206,
-18.689883,
-18.498373,
-12.477176,
-21.974543,
-4.228299,
-21.906452,
4.761596,
-18.236792,
13.056912,
-11.464102,
19.258718,
-2.634134,
22.221802,
6.767024,
21.289091,
15.041308,
16.483666,
20.605941,
8.582201,
22.345462,
-0.985727,
19.885276,
-10.414055,
13.695579,
-17.909087,
4.986615,
-22.082120,
-4.573386,
-22.233541,
-13.228719,
-18.456347,
-19.486563,
-11.552260,
-22.362307,
-2.813497,
-21.486592,
6.247741,
-17.092775,
14.150058,
-9.930968,
19.638355,
-1.149448,
21.826433,
7.842874,
20.306013,
15.544848,
15.230013,
20.577652,
7.349755,
21.936326,
-2.035835,
19.230066,
-11.255605,
12.834501,
-18.565533,
3.883178,
-22.517390,
-5.932258,
-22.298594,
-14.718246,
-17.937212,
-20.797476,
-10.302438,
-23.069426,
-0.897951,
-21.214885,
8.485619,
-15.703886,
16.152490,
-7.633615,
20.814832,
1.530522,
21.775730,
10.228865,
18.976154,
17.040690,
12.941515,
20.860663,
4.673767,
21.030938,
-4.483384,
17.442674,
-13.006763,
10.598625,
-19.398354,
1.602104,
-22.434273,
-7.969584,
-21.425102,
-16.324453,
-16.418905,
-21.815030,
-8.266898,
-23.312751,
1.501062,
-20.487334,
10.984564,
-13.899021,
18.330713,
-4.869407,
22.145028,
4.829714,
21.778818,
13.372660,
17.422002,
19.247344,
9.998951,
21.507109,
0.925792,
19.874230,
-8.184440,
14.715098,
-15.793960,
6.934313,
-20.652008,
-2.170551,
-21.946001,
-11.077550,
-19.407837,
-18.239399,
-13.379954,
-22.320671,
-4.820136,
-22.455539,
4.792938,
-18.471861,
13.680855,
-11.004489,
20.100393,
-1.431946,
22.725863,
8.381125,
20.974075,
16.485627,
15.167139,
21.286887,
6.472651,
21.895219,
-3.366842,
18.292122,
-12.433787,
11.280720,
-19.046895,
2.259767,
-22.075635,
-7.093057,
-21.097749,
-15.137033,
-16.399797,
-20.521663,
-8.864501,
-22.358615,
0.200321,
-20.324494,
9.254794,
-14.710470,
16.733446,
-6.415951,
21.270958,
3.138611,
21.941729,
12.207809,
18.477042,
19.027600,
11.394823,
22.185240,
1.973882,
20.961084,
-7.961589,
15.535174,
-16.419510,
6.980218,
-21.688107,
-2.972043,
-22.728640,
-12.328407,
-19.398915,
-19.279939,
-12.449959,
-22.571781,
-3.313778,
-21.710715,
6.237492,
-16.987467,
14.456311,
-9.349419,
19.921713,
-0.188830,
21.736563,
8.894252,
19.622364,
16.323352,
13.935653,
20.766642,
5.623640,
21.348738,
-3.884717,
17.835731,
-12.870187,
10.748046,
-19.604687,
1.342019,
-22.693788,
-8.580493,
-21.407040,
-17.024592,
-15.896989,
-22.243787,
-7.220875,
-23.151523,
2.866807,
-19.580275,
12.307265,
-12.310043,
19.207595,
-2.863271,
22.254728,
6.862558,
20.964502,
15.010974,
15.719389,
20.121296,
7.618723,
21.354134,
-1.786475,
18.574702,
-10.792016,
12.321570,
-17.813816,
3.699337,
-21.612963,
-5.781293,
-21.473351,
-14.413800,
-17.331611,
-20.560304,
-9.839130,
-22.954689,
-0.316989,
-20.992856,
9.431717,
-14.928605,
17.452773,
-5.893508,
22.060130,
4.300885,
22.238929,
13.551273,
17.911336,
19.944423,
9.975228,
22.197178,
0.095642,
19.930534,
-9.690605,
13.710705,
-17.439217,
4.867825,
-21.702423,
-4.831977,
-21.779173,
-13.557887,
-17.780361,
-19.740707,
-10.536491,
-22.307042,
-1.405901,
-20.815602,
7.961633,
-15.510046,
15.875021,
-7.297154,
20.856512,
2.359148,
21.893151,
11.646298,
18.656839,
18.716281,
11.638072,
22.065064,
2.128908,
20.894157,
-7.985007,
15.346360,
-16.607289,
6.525709,
-21.905758,
-3.728480,
-22.750619,
-13.263399,
-18.986157,
-20.113290,
-11.455207,
-22.936905,
-1.775561,
-21.277569,
8.054790,
-15.597189,
16.102758,
-7.109316,
20.878835,
2.512805,
21.576022,
11.465691,
18.152850,
18.117663,
11.287215,
21.254012,
2.241163,
20.260308,
-7.335394,
15.239871,
-15.652614,
7.045114,
-21.075041,
-2.811836,
-22.437821,
-12.395508,
-19.327008,
-19.718913,
-12.241410,
-23.183977,
-2.559944,
-21.977909,
7.715665,
-16.303237,
16.400768,
-7.358184,
21.639464,
2.939749,
22.343522,
12.410444,
18.432930,
19.115339,
10.817508,
21.769975,
1.143056,
19.968694,
-8.606443,
14.195021,
-16.532298,
5.655835,
-21.170641,
-3.988325,
-21.715381,
-12.926770,
-18.109720,
-19.491442,
-11.027692,
-22.419793,
-1.766755,
-21.075715,
7.942107,
-15.603046,
16.207964,
-6.967175,
21.323898,
3.162513,
22.132953,
12.708303,
18.330560,
19.621119,
10.604464,
22.360940,
0.540658,
20.286876,
-9.710279,
13.834602,
-17.931488,
4.419180,
-22.366681,
-5.911534,
-22.125584,
-14.968865,
-17.358629,
-20.917962,
-9.169343,
-22.646714,
0.685295,
-19.936547,
10.203009,
-13.431855,
17.541197,
-4.456870,
21.337728,
5.253175,
20.912946,
13.852016,
16.354541,
19.682352,
8.498632,
21.557816,
-1.187857,
19.001436,
-10.828788,
12.394744,
-18.462645,
2.978894,
-22.436037,
-7.336226,
-21.791250,
-16.350947,
-16.541785,
-22.072271,
-7.735800,
-23.201078,
2.742019,
-19.467034,
12.598679,
-11.705052,
19.680263,
-1.646521,
22.483774,
8.510647,
20.490244,
16.623407,
14.237970,
21.070853,
5.140291,
21.057276,
-4.874196,
16.706678,
-13.786362,
8.968947,
-19.873773,
-0.604165,
-21.997527,
-10.151120,
-19.768800,
-17.816456,
-13.600030,
-22.064245,
-4.647246,
-21.964511,
5.359526,
-17.411957,
14.401666,
-9.217982,
20.555313,
0.981702,
22.413670,
11.027039,
19.448717,
18.701372,
12.199285,
22.259972,
2.203319,
20.872622,
-8.336042,
14.844752,
-17.073523,
5.544907,
-22.089658,
-4.940892,
-22.341940,
-14.322164,
-17.877701,
-20.634338,
-9.767835,
-22.647490,
0.192622,
-20.070099,
9.912043,
-13.536140,
17.439620,
-4.420327,
21.322032,
5.450330,
20.834738,
14.128174,
16.081505,
19.879618,
7.971596,
21.495107,
-1.919449,
18.540700,
-11.605063,
11.500958,
-19.048224,
1.755009,
-22.584485,
-8.652572,
-21.322853,
-17.432483,
-15.413172,
-22.580919,
-6.080080,
-22.882223,
4.619850,
-18.234579,
14.275461,
-9.692490,
20.708756,
0.794061,
22.506311,
10.867449,
19.343716,
18.332599,
12.021430,
21.650221,
2.223614,
20.234223,
-7.908730,
14.507778,
-16.261231,
5.745316,
-21.168312,
-4.227416,
-21.700731,
-13.395403,
-17.795936,
-19.916994,
-10.242319,
-22.448222,
-0.537666,
-20.399194,
9.362704,
-14.086062,
17.392750,
-4.732486,
21.783932,
5.717986,
21.467564,
14.980212,
16.373071,
20.937416,
7.520502,
22.163392,
-3.155262,
18.308120,
-13.235014,
10.220687,
-20.400182,
-0.242879,
-23.011185,
-10.680059,
-20.511427,
-18.737791,
-13.542568,
-22.672580,
-3.749614,
-21.725618,
6.650151,
-16.233729,
15.399044,
-7.482711,
20.687814,
2.623408,
21.496321,
11.976203,
17.741846,
18.669769,
10.244524,
21.341359,
0.547463,
19.413633,
-9.368091,
13.216971,
-17.438993,
3.967885,
-21.912692,
-6.419454,
-21.723048,
-15.690296,
-16.771937,
-21.731281,
-8.028644,
-23.078538,
2.617659,
-19.315891,
12.755875,
-11.233283,
20.023054,
-0.673774,
22.698734,
9.908291,
20.151260,
18.060037,
13.000423,
21.938244,
2.948006,
20.741231,
-7.667506,
14.855351,
-16.454258,
5.701292,
-21.521838,
-4.647059,
-21.870210,
-13.948908,
-17.543244,
-20.264711,
-9.551215,
-22.318063,
0.382073,
-19.709276,
10.174699,
-12.972572,
17.780325,
-3.482406,
21.570835,
6.783602,
20.663226,
15.610208,
15.138056,
20.998584,
6.089126,
21.629691,
-4.543838,
17.224021,
-14.364402,
8.681312,
-21.067659,
-2.073561,
-23.017575,
-12.529748,
-19.689770,
-20.211114,
-11.838094,
-23.306475,
-1.320765,
-21.125979,
9.371612,
-14.253449,
17.748839,
-4.362352,
21.931026,
6.233084,
21.070192,
15.149451,
15.489458,
20.470841,
6.537760,
21.129493,
-3.766063,
17.073213,
-13.189871,
9.223168,
-19.741237,
-0.737657,
-22.042605,
-10.694906,
-19.585683,
-18.504821,
-12.839687,
-22.419027,
-3.193284,
-21.469701,
7.282877,
-15.734188,
16.241710,
-6.394306,
21.576648,
4.465436,
21.941241,
14.311469,
17.130500,
20.774266,
8.195589,
22.260598,
-2.771679,
18.384829,
-13.148122,
10.083103,
-20.447371,
-0.629784,
-22.955006,
-11.188211,
-20.147703,
-19.129204,
-12.785419,
-22.684204,
-2.671295,
-21.157628,
7.828084,
-15.020340,
16.354127,
-5.733832,
21.071495,
4.615992,
21.022937,
13.773409,
16.279342,
19.764427,
7.889871,
21.278449,
-2.336971,
17.932636,
-12.182739,
10.379230,
-19.455170,
0.220989,
-22.451951,
-10.281810,
-20.368322,
-18.687433,
-13.546352,
-22.946953,
-3.473358,
-21.938167,
7.512793,
-15.802174,
16.770168,
-5.962170,
22.020946,
5.208072,
21.954712,
14.987557,
16.584921,
21.013189,
7.246765,
21.881456,
-3.763031,
17.477299,
-13.792154,
8.952472,
-20.502565,
-1.613999,
-22.418411,
-11.753599,
-19.222191,
-19.188468,
-11.756981,
-22.315509,
-1.774816,
-20.507686,
8.478681,
-14.203103,
16.742160,
-4.793567,
21.192837,
5.655571,
20.812298,
14.813452,
15.612228,
20.565727,
6.674736,
21.493132,
-4.025607,
17.244058,
-14.017926,
8.691944,
-20.893413,
-2.200710,
-22.906640,
-12.817803,
-19.458788,
-20.536125,
-11.308736,
-23.413121,
-0.423654,
-20.714729,
10.511486,
-13.119933,
18.794249,
-2.536701,
22.411804,
8.413360,
20.548935,
17.083093,
13.758928,
21.459229,
3.769507,
20.618324,
-6.994339,
14.882849,
-16.018895,
5.675851,
-21.277857,
-4.852238,
-21.650198,
-14.315538,
-17.115783,
-20.596384,
-8.722042,
-22.276030,
1.648468,
-18.930639,
11.662937,
-11.245695,
19.018659,
-0.914621,
21.946101,
9.688191,
19.640254,
18.024316,
12.512425,
22.002206,
2.169560,
20.533441,
-8.916699,
13.870080,
-18.001188,
3.599810,
-22.774787,
-7.730355,
-21.993030,
-17.273314,
-15.831083,
-22.638327,
-5.848709,
-22.521894,
5.429710,
-17.029800,
15.193207,
-7.608319,
21.076871,
3.374105,
21.740861,
13.254090,
17.150832,
19.725977,
8.516106,
21.356188,
-2.059783,
17.858396,
-12.098916,
10.102921,
-19.306252,
-0.107991,
-22.052324,
-10.435970,
-19.704790,
-18.499419,
-12.763827,
-22.384581,
-2.778994,
-21.087605,
7.952891,
-14.792835,
16.876040,
-4.900842,
21.769697,
6.240642,
21.318265,
15.876682,
15.502028,
21.541435,
5.674301,
21.726587,
-5.733641,
16.321194,
-15.826621,
6.675666,
-22.016357,
-4.745818,
-22.724487,
-15.028921,
-17.806321,
-21.591586,
-8.570684,
-22.854454,
2.599816,
-18.613412,
12.901259,
-10.031146,
19.834535,
0.717098,
21.804832,
11.017327,
18.454662,
18.446284,
10.681445,
21.308375,
0.375027,
18.980562,
-10.036207,
12.020785,
-18.124346,
2.038815,
-21.985586,
-8.642613,
-20.660781,
-17.484462,
-14.376532,
-22.305360,
-4.545253,
-21.820369,
6.506442,
-16.011529,
16.056421,
-6.209382,
21.655493,
5.177168,
21.782712,
15.248217,
16.297868,
21.376568,
6.537082,
21.933038,
-5.005666,
16.752220,
-15.338664,
7.189064,
-21.786835,
-4.255955,
-22.717848,
-14.627986,
-17.965162,
-21.314088,
-8.833492,
-22.712005,
2.294087,
-18.594682,
12.610897,
-10.099338,
19.605498,
0.617946,
21.654313,
10.940814,
18.359111,
18.413028,
10.583257,
21.283865,
0.213540,
18.880489,
-10.279753,
11.751087,
-18.391822,
1.557593,
-22.142415,
-9.271282,
-20.543111,
-18.078119,
-13.872261,
-22.610439,
-3.674037,
-21.609534,
7.556091,
-15.193981,
16.960938,
-4.904412,
22.058807,
6.642860,
21.432521,
16.428833,
15.161121,
21.853804,
4.844162,
21.467007,
-6.811687,
15.378771,
-16.733455,
5.225876,
-22.330562,
-6.296835,
-22.196425,
-16.189145,
-16.459646,
-21.952002,
-6.698913,
-22.217287,
4.526953,
-17.043244,
14.375072,
-7.829795,
20.437331,
3.085170,
21.300754,
13.018443,
16.835767,
19.572829,
8.179023,
21.174845,
-2.556248,
17.422481,
-12.767842,
9.184409,
-19.953714,
-1.572255,
-22.293641,
-12.208673,
-19.106706,
-20.028181,
-11.072138,
-22.953935,
-0.131433,
-20.103621,
10.944970,
-12.090274,
19.250533,
-0.930778,
22.526478,
10.450567,
19.813923,
19.007205,
11.766517,
22.422951,
0.506594,
19.773737,
-10.951097,
11.791419,
-19.542208,
0.647565,
-23.007261,
-10.671006,
-20.500914,
-19.197104,
-12.783939,
-22.776451,
-1.963283,
-20.598924,
9.116555,
-13.344569,
17.636908,
-2.942405,
21.509389,
7.958467,
19.852549,
16.651292,
13.153055,
21.008645,
3.107504,
19.964601,
-7.795574,
13.755917,
-16.856717,
3.879850,
-21.794363,
-7.230637,
-21.298265,
-16.765101,
-15.385773,
-22.223192,
-5.460020,
-22.076822,
5.979588,
-16.228355,
15.940952,
-6.112242,
21.725806,
5.628435,
21.690282,
15.833927,
15.749527,
21.706087,
5.452773,
21.613761,
-6.419799,
15.573472,
-16.633516,
5.249790,
-22.417911,
-6.526844,
-22.246714,
-16.572202,
-16.244484,
-22.237692,
-6.109926,
-22.113257,
5.398915,
-16.354962,
15.243344,
-6.575423,
20.911243,
4.635290,
21.035593,
14.400944,
15.685228,
20.274834,
6.290209,
20.814469,
-4.746416,
15.903081,
-14.641178,
6.766436,
-20.893358,
-4.311079,
-21.883416,
-14.517781,
-17.283390,
-21.193014,
-8.181029,
-22.509348,
3.135520,
-17.990503,
13.715483,
-8.709211,
20.700957,
2.926925,
22.114568,
13.783589,
17.453887,
20.857330,
7.896264,
22.140569,
-3.979733,
17.226880,
-14.900934,
7.455984,
-21.834265,
-4.460244,
-22.865023,
-15.221071,
-17.745455,
-21.886452,
-7.946315,
-22.700659,
3.793791,
-17.548382,
14.267992,
-7.928922,
20.697547,
3.512518,
21.463228,
13.732684,
16.482661,
20.094315,
7.164225,
21.016905,
-4.011541,
16.331122,
-14.147278,
7.280943,
-20.650167,
-3.802301,
-21.856891,
-14.070418,
-17.434290,
-20.850894,
-8.474294,
-22.316069,
2.744835,
-17.976911,
13.296932,
-8.867912,
20.342571,
2.655905,
21.891906,
13.497032,
17.391713,
20.644344,
7.950581,
22.033033,
-3.900419,
17.177494,
-14.880105,
7.364700,
-21.887138,
-4.678445,
-22.912269,
-15.562093,
-17.645423,
-22.222575,
-7.578428,
-22.816208,
4.434457,
-17.240362,
15.019123,
-7.129170,
21.260361,
4.656532,
21.516007,
14.869114,
15.833155,
20.780587,
5.870590,
20.896143,
-5.614788,
15.297085,
-15.542643,
5.556075,
-21.320486,
-5.716679,
-21.486295,
-15.558195,
-16.043563,
-21.396800,
-6.433592,
-21.688801,
4.831904,
-16.311115,
14.791877,
-6.619514,
20.777486,
4.856617,
21.109778,
15.035975,
15.581416,
21.092930,
5.578898,
21.250669,
-6.224257,
15.332739,
-16.560008,
4.886514,
-22.477044,
-7.196781,
-22.213207,
-17.486154,
-15.755597,
-23.013000,
-4.892688,
-22.163490,
7.282603,
-15.174129,
17.279400,
-4.066022,
22.244925,
7.963317,
20.803735,
17.494405,
13.439976,
21.883032,
2.316249,
19.995821,
-9.393992,
12.478729,
-18.436784,
1.509939,
-22.384199,
-9.855858,
-20.263280,
-18.540721,
-12.758093,
-22.254227,
-1.967290,
-20.061312,
9.185694,
-12.588131,
17.721844,
-1.839472,
21.365608,
9.316291,
19.121838,
17.875115,
11.542081,
21.475047,
0.612705,
19.040680,
-10.726881,
11.123082,
-19.341715,
-0.181347,
-22.758312,
-11.750674,
-19.892634,
-20.287418,
-11.425561,
-23.274079,
0.319013,
-19.748917,
11.997348,
-10.645688,
20.211135,
1.436630,
22.528735,
12.986874,
18.238265,
20.632858,
8.582125,
22.159200,
-3.611780,
17.166907,
-14.787214,
7.169233,
-21.729413,
-4.893564,
-22.508002,
-15.550559,
-17.006786,
-21.817005,
-6.899480,
-22.023763,
4.889453,
-16.232759,
15.048986,
-6.152834,
20.805140,
5.382508,
20.649829,
15.205584,
14.700264,
20.655763,
4.625330,
20.264526,
-6.817114,
14.129114,
-16.506236,
3.893247,
-21.772881,
-7.663781,
-21.111519,
-17.343804,
-14.613456,
-22.389425,
-3.995708,
-21.270182,
7.812838,
-14.171113,
17.451720,
-3.015623,
22.083466,
9.025697,
20.252346,
18.432011,
12.375122,
22.383368,
0.682093,
19.640532,
-11.407914,
10.961110,
-20.306668,
-1.101127,
-23.355179,
-12.964952,
-19.647509,
-21.117179,
-10.309312,
-23.182275,
1.858911,
-18.624783,
13.252215,
-8.871699,
20.557943,
3.162406,
21.729386,
13.974455,
16.544586,
20.503242,
6.606512,
20.982063,
-5.179406,
15.384356,
-15.465512,
5.369740,
-21.398883,
-6.219079,
-21.380629,
-16.149413,
-15.464335,
-21.667917,
-5.314346,
-21.231126,
6.248913,
-14.922851,
15.999531,
-4.454428,
21.171810,
7.265472,
20.228644,
16.903153,
13.328646,
21.629907,
2.345045,
19.960796,
-9.604971,
12.249196,
-19.024400,
0.658557,
-23.066062,
-11.421643,
-20.421268,
-20.370888,
-11.775534,
-23.449224,
0.342696,
-19.669947,
12.302955,
-10.137917,
20.484905,
2.273041,
22.407549,
13.809102,
17.505489,
21.004172,
7.296935,
21.745546,
-5.106841,
15.896923,
-15.980800,
5.294055,
-22.128886,
-6.860570,
-21.826523,
-16.988620,
-15.283475,
-22.192602,
-4.515587,
-21.064482,
7.299253,
-14.032517,
16.762319,
-3.182148,
21.211427,
8.366227,
19.436420,
17.334300,
11.980341,
21.182553,
0.968839,
18.801122,
-10.475545,
10.823739,
-19.084053,
-0.519889,
-22.345649,
-11.991301,
-19.231574,
-20.236239,
-10.536437,
-22.755274,
1.285221,
-18.677189,
12.778168,
-9.087787,
20.483757,
3.222400,
21.994430,
14.555243,
16.736671,
21.427425,
6.212007,
21.671124,
-6.414670,
15.149266,
-17.276029,
3.833392,
-23.015357,
-8.799411,
-21.855798,
-18.861623,
-14.168434,
-23.282798,
-2.348533,
-20.765049,
9.955453,
-12.159424,
18.998225,
-0.157238,
22.096220,
11.580628,
18.419968,
19.558770,
9.188893,
21.484437,
-2.759620,
16.901305,
-13.860635,
7.259746,
-20.881745,
-4.559980,
-21.839449,
-15.104754,
-16.526577,
-21.332320,
-6.530581,
-21.455784,
5.237859,
-15.434077,
15.366910,
-4.987346,
20.898473,
6.868610,
20.168442,
16.657500,
13.307604,
21.436378,
2.252826,
19.678745,
-9.762687,
11.783269,
-19.127560,
0.028116,
-22.933753,
-12.056706,
-19.899907,
-20.742976,
-10.832836,
-23.272864,
1.553438,
-18.766306,
13.441304,
-8.552219,
21.102403,
4.212609,
22.097963,
15.533258,
16.083650,
21.856655,
4.938656,
21.215535,
-7.833615,
13.852811,
-18.234989,
2.122012,
-23.052475,
-10.291272,
-20.863622,
-19.554881,
-12.445997,
-22.885983,
-0.479586,
-19.377156,
11.332985,
-10.213452,
19.424812,
1.752093,
21.432020,
12.899473,
16.856245,
19.927244,
7.153469,
20.802334,
-4.742113,
15.317233,
-15.295951,
5.120671,
-21.395058,
-6.768837,
-21.234791,
-16.827640,
-14.836476,
-22.038535,
-4.057485,
-20.777805,
7.918217,
-13.327633,
17.486302,
-1.849250,
21.686804,
10.208035,
19.124346,
19.121172,
10.455680,
22.045339,
-1.737577,
17.945981,
-13.693448,
7.993095,
-21.630330,
-4.745554,
-22.965724,
-16.247698,
-17.188172,
-22.827227,
-6.071812,
-22.346783,
6.864050,
-14.936841,
17.487593,
-2.966753,
22.404397,
9.729414,
20.067205,
19.109810,
11.269433,
22.236547,
-1.138104,
18.203035,
-13.198321,
8.380611,
-21.134433,
-4.072333,
-22.540114,
-15.249741,
-17.094309,
-21.730435,
-6.597330,
-21.610652,
5.647004,
-15.033535,
15.878502,
-4.086439,
21.020646,
7.869109,
19.576159,
17.214955,
12.034811,
21.141369,
0.699803,
18.463425,
-11.001147,
9.968385,
-19.521749,
-1.801198,
-22.242416,
-13.276928,
-18.264018,
-20.915272,
-8.716754,
-22.278062,
3.527426,
-16.821361,
14.685727,
-6.132200,
21.217215,
6.497664,
20.955078,
17.067301,
13.851944,
22.140459,
2.068450,
19.988640,
-10.663708,
11.209541,
-20.227750,
-1.414994,
-23.477405,
-13.802450,
-19.302591,
-21.912391,
-9.028327,
-23.094429,
4.005933,
-16.975633,
15.552279,
-5.579300,
21.867739,
7.362734,
20.948994,
17.659927,
13.169692,
22.041059,
1.117113,
19.195739,
-11.294741,
10.146860,
-20.116982,
-2.139751,
-22.624653,
-13.747633,
-18.140012,
-21.060466,
-8.182567,
-21.870356,
4.065001,
-16.014649,
14.776491,
-5.375629,
20.658929,
6.727343,
19.934967,
16.554784,
12.855447,
21.071885,
1.609273,
18.860516,
-10.334683,
10.559325,
-19.266058,
-1.301111,
-22.359015,
-13.037028,
-18.559557,
-20.927183,
-8.959889,
-22.383868,
3.480351,
-16.816029,
14.816169,
-5.889290,
21.356966,
6.939608,
20.880676,
17.502923,
13.416233,
22.286435,
1.304852,
19.625877,
-11.518798,
10.313633,
-20.813263,
-2.619095,
-23.459266,
-14.895195,
-18.535573,
-22.430498,
-7.655658,
-22.721184,
5.565370,
-15.693173,
16.734418,
-3.716435,
22.167861,
9.214853,
20.124021,
18.841070,
11.358973,
22.057802,
-1.169792,
17.915038,
-13.326855,
7.874794,
-21.181138,
-4.728062,
-22.275264,
-15.810338,
-16.373356,
-21.861535,
-5.472396,
-21.034924,
6.889838,
-13.681831,
16.780966,
-2.192537,
21.103637,
9.779129,
18.536212,
18.456285,
9.916110,
21.100625,
-2.032466,
16.855327,
-13.537745,
7.022497,
-20.940099,
-5.313890,
-21.833450,
-16.223042,
-15.845661,
-22.155277,
-4.806391,
-21.093306,
7.778039,
-13.255949,
17.811759,
-1.099914,
21.936408,
11.421760,
18.671632,
20.136980,
8.973138,
22.059361,
-4.015063,
16.439652,
-15.969564,
5.079146,
-22.839360,
-8.235323,
-22.246054,
-19.004118,
-14.333982,
-23.561442,
-1.752892,
-20.350185,
11.237893,
-10.467431,
20.235745,
2.717105,
22.213208,
14.732726,
16.550685,
21.549375,
5.223818,
20.943555,
-7.906612,
13.217994,
-18.435431,
1.045838,
-22.905095,
-11.477837,
-19.935915,
-20.227480,
-10.628331,
-22.400835,
1.865299,
-17.393863,
13.421792,
-6.937137,
20.302451,
5.515582,
20.339914,
15.922753,
13.592980,
20.943780,
2.288449,
18.983235,
-9.908856,
10.680766,
-19.060850,
-1.293168,
-22.198703,
-13.072355,
-18.267926,
-20.812905,
-8.486020,
-21.927903,
4.009712,
-15.953587,
15.136659,
-4.756696,
21.179056,
8.015358,
20.028416,
18.099034,
11.938707,
22.035391,
-0.484001,
18.375130,
-13.095528,
8.238475,
-21.591408,
-4.999026,
-22.992993,
-16.823676,
-16.719768,
-23.137562,
-4.847485,
-21.706065,
8.569787,
-12.973195,
18.896742,
0.065115,
22.544270,
12.899715,
18.241712,
21.092363,
7.489886,
21.835125,
-5.971665,
14.923944,
-17.488520,
2.803162,
-23.124732,
-10.320347,
-21.019385,
-19.960405,
-11.992854,
-22.896278,
0.789469,
-18.240915,
12.949260,
-7.683187,
20.405800,
5.145357,
20.737567,
15.930371,
13.945149,
21.117788,
2.389223,
19.061770,
-10.040658,
10.520443,
-19.227357,
-1.633540,
-22.166346,
-13.371262,
-17.922157,
-20.818904,
-7.912307,
-21.509074,
4.558534,
-15.183763,
15.364694,
-3.896505,
20.895877,
8.628849,
19.247235,
18.196900,
10.880345,
21.528083,
-1.476436,
17.386175,
-13.686432,
7.056905,
-21.569715,
-6.017111,
-22.335534,
-17.361890,
-15.590743,
-23.002300,
-3.549420,
-20.874074,
9.669911,
-11.605995,
19.449857,
1.637442,
22.304296,
14.231507,
17.148147,
21.721736,
5.730140,
21.425982,
-7.953624,
13.417721,
-19.071913,
0.518424,
-23.689538,
-12.708257,
-20.183360,
-21.594975,
-9.821459,
-23.040367,
3.705250,
-16.600362,
15.620017,
-4.612657,
21.768990,
8.672532,
20.078297,
18.620598,
11.243646,
21.838212,
-1.570747,
17.321438,
-13.885950,
6.743515,
-21.482539,
-6.183873,
-21.836997,
-17.021449,
-14.936741,
-22.117253,
-3.224664,
-19.813962,
9.274051,
-10.963206,
18.325494,
1.397443,
20.897407,
13.077274,
16.150275,
20.128871,
5.699899,
20.156670,
-6.923264,
13.118814,
-17.441867,
1.361325,
-22.254328,
-11.138123,
-19.654647,
-20.087643,
-10.444319,
-22.339494,
2.286332,
-17.002736,
14.165157,
-5.814334,
21.022307,
7.394253,
20.357491,
17.989856,
12.272400,
22.164289,
-0.490004,
18.323089,
-13.454920,
7.719406,
-21.984176,
-5.930993,
-22.954161,
-17.749150,
-15.926325,
-23.453475,
-3.358015,
-20.936984,
10.252162,
-11.066432,
19.989247,
2.610217,
22.321773,
15.152120,
16.403964,
22.034272,
4.388890,
20.801435,
-9.366291,
11.951356,
-19.902948,
-1.273930,
-23.469448,
-14.096667,
-18.864595,
-21.949485,
-7.831147,
-22.109702,
5.622385,
-14.633088,
16.697263,
-2.273157,
21.523258,
10.551388,
18.500954,
19.343317,
8.808085,
21.093740,
-4.075738,
15.289135,
-15.625144,
4.035088,
-21.848217,
-8.714397,
-20.643480,
-18.535521,
-12.486751,
-22.046184,
-0.237414,
-18.047406,
11.853262,
-7.923309,
19.593267,
4.827607,
20.278826,
15.776515,
13.628270,
21.076852,
1.904789,
18.803618,
-10.828096,
9.660272,
-20.087998,
-3.209950,
-22.537801,
-15.275923,
-17.194752,
-22.197978,
-5.843442,
-21.393188,
7.529335,
-13.019857,
18.116837,
0.004494,
22.022408,
12.999910,
17.713389,
21.205945,
6.646043,
21.543978,
-7.204659,
13.797637,
-18.771156,
0.745685,
-23.764268,
-12.831318,
-20.289077,
-21.916932,
-9.583713,
-23.136619,
4.416682,
-16.031422,
16.539463,
-3.236311,
22.308539,
10.508469,
19.617182,
20.135286,
9.503687,
22.137301,
-4.258707,
15.852690,
-16.590091,
3.671302,
-22.998202,
-9.892846,
-21.221812,
-19.892686,
-12.018480,
-22.758885,
1.171320,
-17.563922,
13.527812,
-6.297807,
20.619234,
6.910710,
19.981162,
17.313242,
11.950893,
21.238527,
-0.512316,
17.366290,
-12.923906,
7.149118,
-20.877297,
-5.738498,
-21.586304,
-16.711004,
-14.839687,
-21.880480,
-3.053882,
-19.411884,
9.581775,
-10.165653,
18.570395,
2.591721,
20.684225,
14.317290,
15.113510,
20.784466,
3.784827,
19.594824,
-9.279949,
11.075103,
-19.365230,
-1.779597,
-22.750341,
-14.330797,
-18.088308,
-21.954904,
-6.961022,
-21.750607,
6.627081,
-13.662884,
17.672581,
-0.578044,
22.017441,
12.687093,
17.933172,
21.158477,
6.831314,
21.587576,
-7.202996,
13.721518,
-18.912554,
0.451488,
-23.853506,
-13.246384,
-20.106123,
-22.191165,
-9.039635,
-22.979954,
5.182910,
-15.302070,
17.182957,
-2.066923,
22.422365,
11.709217,
18.938994,
20.825205,
8.087867,
21.877764,
-5.995073,
14.538846,
-17.988969,
1.644840,
-23.416962,
-11.917565,
-20.324195,
-21.081052,
-9.972479,
-22.497559,
3.689231,
-15.752499,
15.548009,
-3.458533,
21.246592,
9.772442,
18.775143,
19.065370,
9.159031,
21.069001,
-3.979881,
15.144043,
-15.793409,
3.543408,
-21.986601,
-9.450287,
-20.358720,
-19.095959,
-11.564869,
-21.902730,
1.152750,
-16.872446,
13.150190,
-5.846240,
20.055434,
7.159637,
19.339618,
17.394068,
11.233896,
21.083597,
-1.334700,
16.813231,
-13.777025,
6.076630,
-21.493162,
-7.221666,
-21.561040,
-18.160353,
-13.849556,
-22.608625,
-1.129249,
-18.790900,
11.895540,
-8.014050,
20.310472,
5.749725,
20.848196,
17.309350,
13.175419,
22.213689,
0.093551,
18.483081,
-13.464845,
7.430811,
-22.295071,
-6.777343,
-22.934550,
-18.690394,
-15.044148,
-23.677869,
-1.593524,
-19.752614,
12.251826,
-8.381021,
21.126788,
6.058818,
21.567508,
17.973665,
13.382423,
22.742533,
-0.259173,
18.528100,
-14.063866,
6.991888,
-22.687915,
-7.368582,
-22.824751,
-18.991429,
-14.480596,
-23.422634,
-0.942350,
-19.030540,
12.533787,
-7.598737,
20.780124,
6.412993,
20.706382,
17.625025,
12.450226,
21.810425,
-0.734287,
17.481222,
-13.775117,
6.397547,
-21.740383,
-7.162164,
-21.696273,
-18.059188,
-13.769169,
-22.234196,
-1.038717,
-18.200767,
11.664750,
-7.554246,
19.584787,
5.665501,
19.800464,
16.498840,
12.283680,
20.907364,
-0.118634,
17.258957,
-12.754820,
6.922878,
-20.892983,
-6.236231,
-21.471786,
-17.282332,
-14.242169,
-22.036968,
-1.880445,
-18.648429,
10.980591,
-8.318732,
19.463861,
5.099590,
20.284205,
16.515160,
13.024888,
21.514800,
0.356427,
18.072560,
-12.919369,
7.387660,
-21.673099,
-6.503587,
-22.430955,
-18.234246,
-14.770234,
-23.179505,
-1.558021,
-19.295675,
12.101634,
-7.986005,
20.836556,
6.383895,
21.133214,
18.166682,
12.771908,
22.665169,
-1.027227,
18.026579,
-14.838419,
6.023850,
-23.174633,
-8.614414,
-22.688556,
-20.075904,
-13.536174,
-23.792084,
0.662400,
-18.278490,
14.262098,
-5.736413,
21.855329,
8.832027,
20.440783,
19.635782,
10.618679,
22.414983,
-3.668068,
16.129828,
-16.732456,
3.343935,
-23.424712,
-10.835337,
-21.171533,
-20.813488,
-10.960958,
-22.724925,
3.100841,
-15.925882,
15.456177,
-3.190640,
21.300485,
10.435013,
18.445703,
19.640831,
8.122606,
20.916662,
-5.561886,
13.874683,
-17.266404,
1.340955,
-22.494936,
-11.786087,
-19.307760,
-20.444508,
-9.022016,
-21.344055,
4.339222,
-14.197497,
15.614594,
-1.798716,
20.480708,
11.063936,
17.090107,
19.438978,
6.761929,
20.097394,
-6.526289,
12.766298,
-17.652225,
0.246281,
-22.301998,
-12.639552,
-18.630506,
-20.880905,
-7.997353,
-21.214422,
5.516507,
-13.418145,
16.650935,
-0.452133,
20.998236,
12.640264,
16.748486,
20.676862,
5.457448,
20.386842,
-8.495832,
11.756391,
-19.588756,
-1.891117,
-23.338408,
-15.154409,
-18.126866,
-22.687327,
-5.918471,
-21.365727,
8.457916,
-11.603704,
19.212209,
2.745825,
21.935130,
15.903698,
15.426081,
22.500629,
2.238528,
19.787734,
-12.312361,
8.801043,
-22.299135,
-6.022929,
-23.615293,
-18.643996,
-15.683573,
-23.896479,
-1.718584,
-19.622632,
12.579631,
-7.570087,
21.367518,
7.325365,
21.064469,
18.975324,
11.822824,
22.645045,
-2.547852,
16.889019,
-16.164284,
4.118728,
-23.495097,
-10.418989,
-21.619108,
-20.813466,
-11.388426,
-22.903920,
2.965597,
-15.943860,
15.596951,
-2.851384,
21.435683,
11.027932,
18.221347,
20.113157,
7.364566,
20.830595,
-6.683495,
13.006640,
-18.265463,
-0.124227,
-22.794511,
-13.265335,
-18.558207,
-21.192251,
-7.347716,
-20.816547,
6.307319,
-12.371363,
16.966393,
0.725623,
20.431751,
13.252946,
15.383272,
20.252794,
3.868573,
18.974433,
-9.525648,
9.942692,
-19.486270,
-3.255839,
-22.062067,
-15.382094,
-16.218081,
-21.603680,
-4.252600,
-19.406163,
9.091138,
-9.609088,
18.483488,
3.923147,
20.121026,
15.783159,
13.264958,
21.164060,
0.584389,
17.804701,
-12.859498,
6.951514,
-21.615071,
-7.077891,
-22.046598,
-18.592196,
-13.855204,
-22.828814,
-0.272703,
-17.933503,
13.191515,
-5.789363,
20.976821,
8.683813,
19.775718,
19.512834,
9.957056,
22.142826,
-4.513661,
15.371058,
-17.664781,
1.912531,
-23.987989,
-12.675699,
-20.762832,
-22.292214,
-9.246327,
-22.858954,
5.801983,
-14.069873,
18.088301,
0.439241,
22.431028,
14.594918,
16.964667,
22.441360,
3.953816,
20.664531,
-11.144278,
10.005519,
-21.980616,
-5.046558,
-24.002053,
-18.155396,
-16.378437,
-23.821229,
-2.346518,
-19.701672,
12.172806,
-7.583209,
21.087837,
7.400814,
20.704508,
18.958883,
11.259975,
22.295358,
-3.216691,
16.103422,
-16.636818,
3.067279,
-23.425002,
-11.313266,
-20.838704,
-21.054212,
-10.068058,
-22.180038,
4.319812,
-14.337892,
16.327534,
-0.882984,
21.029293,
12.566772,
16.582721,
20.478314,
4.934170,
19.670912,
-9.042481,
10.579401,
-19.587086,
-2.979122,
-22.418360,
-15.409432,
-16.456885,
-21.637662,
-4.221839,
-19.166342,
9.234700,
-9.062030,
18.403645,
4.506502,
19.557272,
15.978093,
12.250228,
20.661041,
-0.512674,
16.636919,
-13.502277,
5.542696,
-21.389739,
-8.084998,
-20.916933,
-18.646117,
-12.237958,
-21.761236,
1.117463,
-16.081676,
13.659568,
-3.881299,
20.176338,
9.833317,
17.891721,
19.357709,
7.655040,
20.653392,
-6.351440,
13.066354,
-18.300667,
-0.334009,
-23.134970,
-13.974410,
-18.711956,
-22.083673,
-6.769377,
-21.137769,
7.732898,
-11.406439,
18.658889,
3.085048,
21.293922,
16.205918,
14.393138,
22.313560,
0.783566,
18.693526,
-13.777939,
6.783730,
-23.038606,
-8.378147,
-22.947261,
-20.282371,
-13.445224,
-23.752831,
1.450471,
-17.215598,
15.340316,
-3.426759,
22.200503,
11.683709,
19.012104,
21.569899,
7.104586,
21.921875,
-8.392012,
12.560262,
-20.764000,
-2.467403,
-24.638189,
-16.641715,
-18.331377,
-23.813654,
-4.589708,
-20.887114,
10.610496,
-9.163466,
20.674173,
6.239684,
21.262867,
18.633980,
12.172603,
22.678076,
-2.602575,
16.687307,
-16.636350,
3.332492,
-23.878394,
-11.559850,
-21.270772,
-21.561496,
-10.037058,
-22.424335,
4.897445,
-13.882307,
17.075828,
0.289167,
21.307364,
13.952127,
15.876921,
21.270652,
3.227271,
19.200743,
-11.149367,
8.744904,
-21.102097,
-5.538607,
-22.450222,
-17.528334,
-14.728457,
-22.159577,
-1.326754,
-17.552288,
12.002502,
-5.759705,
19.609261,
8.151314,
18.328365,
18.273212,
8.782128,
20.354007,
-4.924618,
13.569183,
-16.965822,
0.839324,
-22.258063,
-12.422928,
-18.592226,
-20.600837,
-7.547849,
-20.236746,
6.183071,
-11.485233,
16.775000,
1.949010,
19.723471,
14.365122,
13.750564,
20.467814,
1.361066,
17.614910,
-12.193714,
6.963140,
-21.123850,
-6.985223,
-21.562425,
-18.266157,
-13.241269,
-21.990678,
0.345354,
-16.463223,
13.387399,
-3.964367,
20.228452,
10.168575,
17.816602,
19.804725,
7.076149,
20.675872,
-7.421692,
12.276950,
-19.387576,
-1.840437,
-23.538094,
-15.551332,
-17.938023,
-22.808460,
-4.917872,
-20.317055,
9.875317,
-9.046433,
19.918816,
6.123069,
20.695932,
18.504068,
11.742203,
22.554934,
-3.078912,
16.375032,
-17.233039,
2.611103,
-24.399582,
-12.664474,
-21.308740,
-22.634537,
-9.250056,
-22.792375,
6.451588,
-12.995187,
18.787212,
2.428274,
22.203499,
16.589459,
15.118219,
23.126948,
0.663565,
19.079473,
-14.697159,
6.239275,
-24.069219,
-9.638727,
-23.236403,
-21.424139,
-12.570595,
-23.826937,
3.130181,
-15.784089,
16.806209,
-0.933916,
22.322587,
14.035255,
17.232425,
22.409157,
3.865939,
20.470421,
-11.741266,
9.153189,
-22.584950,
-6.409033,
-23.846894,
-19.221780,
-15.040771,
-23.583357,
-0.191408,
-17.626309,
14.012902,
-4.111704,
21.241599,
10.858120,
18.346483,
20.603639,
6.727460,
20.851953,
-8.350013,
11.605546,
-20.149809,
-2.918369,
-23.478274,
-16.218780,
-16.966060,
-22.423432,
-3.619041,
-18.876520,
10.575154,
-7.264173,
19.334860,
7.192257,
18.858352,
18.085801,
9.462183,
20.657602,
-4.615509,
13.864640,
-17.128989,
0.789653,
-22.590437,
-12.759491,
-18.665777,
-20.823220,
-7.161593,
-19.899618,
6.807213,
-10.454147,
17.084198,
3.314345,
19.171490,
15.333247,
12.186145,
20.321319,
-0.771230,
16.097048,
-13.986535,
4.528500,
-21.638975,
-9.286053,
-20.352492,
-19.250728,
-10.681050,
-20.948033,
3.122510,
-13.591571,
14.961150,
-0.395861,
19.571131,
12.812979,
14.854980,
20.153658,
2.840021,
18.300447,
-11.177766,
7.993972,
-20.952014,
-6.236053,
-22.060966,
-18.043970,
-13.911663,
-22.087621,
-0.063599,
-16.447279,
13.306609,
-3.548030,
20.147826,
10.862809,
17.273013,
20.263509,
5.854287,
20.308701,
-9.032453,
10.848547,
-20.650537,
-3.927331,
-23.649814,
-17.330104,
-16.540988,
-23.196355,
-2.447683,
-18.731236,
12.248840,
-5.854105,
20.793512,
9.608177,
19.169165,
20.551755,
7.998702,
21.865805,
-7.670246,
12.833430,
-20.639696,
-2.471722,
-24.873771,
-17.014319,
-18.322123,
-24.035095,
-3.926514,
-20.205299,
11.689763,
-7.218982,
21.270831,
8.945560,
20.310502,
20.779068,
9.184945,
22.740402,
-6.980868,
13.865143,
-20.674896,
-1.751629,
-25.499250,
-16.843951,
-19.173736,
-24.364148,
-4.624533,
-20.786924,
11.366745,
-7.772428,
21.330553,
8.601514,
20.609771,
20.683970,
9.546000,
22.837210,
-6.679943,
14.077461,
-20.480192,
-1.472190,
-25.419638,
-16.526812,
-19.227470,
-24.062309,
-4.845825,
-20.602233,
10.970423,
-7.825626,
20.834166,
8.249536,
20.184264,
20.108697,
9.397676,
22.261740,
-6.424428,
13.788262,
-19.877085,
-1.274772,
-24.725827,
-15.862549,
-18.800396,
-23.203116,
-4.963003,
-19.964310,
10.278215,
-7.762887,
19.835683,
7.645296,
19.340102,
19.086340,
9.133525,
21.310651,
-5.949123,
13.397991,
-18.876748,
-0.874363,
-23.702688,
-14.839661,
-18.297330,
-22.057406,
-5.279349,
-19.279587,
9.255818,
-7.903667,
18.590218,
6.732316,
18.482881,
17.855346,
9.087073,
20.386806,
-5.176250,
13.252402,
-17.700319,
-0.172749,
-22.748621,
-13.661443,
-18.074321,
-21.017429,
-5.912294,
-18.912301,
8.088680,
-8.382948,
17.482698,
5.678826,
17.983273,
16.792844,
9.409298,
19.866152,
-4.257563,
13.517307,
-16.716868,
0.694223,
-22.243855,
-12.688620,
-18.310833,
-20.466668,
-6.741085,
-19.054227,
7.129292,
-9.093896,
16.899306,
4.829769,
18.044413,
16.287824,
10.006326,
19.962876,
-3.531110,
14.111328,
-16.318415,
1.395049,
-22.413448,
-12.316298,
-18.937563,
-20.640780,
-7.440276,
-19.647557,
6.776235,
-9.716328,
17.086445,
4.588079,
18.619825,
16.598230,
10.562737,
20.642350,
-3.404940,
14.723919,
-16.775270,
1.516259,
-23.235253,
-12.827715,
-19.649017,
-21.530567,
-7.590595,
-20.391865,
7.326482,
-9.824508,
18.048739,
5.265734,
19.414616,
17.744016,
10.646044,
21.616407,
-4.207107,
14.916248,
-18.124208,
0.713205,
-24.429125,
-14.277593,
-20.000529,
-22.864990,
-6.830267,
-20.836983,
8.854040,
-9.038725,
19.525725,
6.957834,
19.973921,
19.477430,
9.858209,
22.427082,
-6.055350,
14.272339,
-20.132285,
-1.155404,
-25.535699,
-16.449448,
-19.558705,
-24.184717,
-4.993547,
-20.532408,
11.160741,
-7.167576,
21.059936,
9.486877,
19.830930,
21.345427,
7.981418,
22.592924,
-8.794919,
12.548069,
-22.353374,
-3.958943,
-26.060656,
-18.906086,
-18.053340,
-24.984025,
-2.185568,
-19.181832,
13.820542,
-4.288979,
22.136126,
12.440765,
18.663728,
22.825915,
5.065106,
21.767832,
-12.030180,
9.764033,
-24.261176,
-7.320010,
-25.635252,
-21.119101,
-15.475970,
-24.872705,
1.236286,
-16.747178,
16.305278,
-0.738079,
22.344247,
15.294579,
16.404597,
23.491514,
1.420391,
19.855427,
-15.242234,
6.206509,
-25.413475,
-10.727704,
-24.135543,
-22.633363,
-12.087313,
-23.699931,
4.771140,
-13.462486,
18.149102,
2.996869,
21.507729,
17.574746,
13.260285,
23.142047,
-2.479263,
17.035634,
-17.952566,
2.332995,
-25.588625,
-13.700528,
-21.715219,
-23.207285,
-8.327806,
-21.593246,
7.936591,
-9.749509,
19.092344,
6.435305,
19.728543,
19.006280,
9.632737,
21.855581,
-6.157548,
13.690613,
-19.873501,
-1.385794,
-24.842512,
-15.939888,
-18.736795,
-22.875613,
-4.661257,
-18.895070,
10.425047,
-6.063175,
19.150019,
9.263422,
17.329047,
19.586947,
5.966488,
19.935673,
-9.296915,
10.254225,
-20.987955,
-4.629942,
-23.461218,
-17.415341,
-15.623274,
-21.907545,
-1.408555,
-16.016666,
12.194424,
-2.723144,
18.575442,
11.430227,
14.708368,
19.556410,
2.578175,
17.770262,
-11.839972,
7.039606,
-21.524156,
-7.337018,
-21.822557,
-18.344937,
-12.683904,
-20.671003,
1.364252,
-13.262168,
13.454133,
0.203332,
17.727314,
13.139248,
12.164769,
19.266241,
-0.465815,
15.652468,
-13.986992,
4.111618,
-21.828694,
-9.705441,
-20.215383,
-19.071417,
-9.981432,
-19.450516,
3.855260,
-10.690616,
14.544528,
2.916755,
16.886247,
14.731364,
9.752430,
18.995158,
-3.370852,
13.632095,
-16.082256,
1.259050,
-22.180568,
-12.084501,
-18.685781,
-19.875127,
-7.297886,
-18.288050,
6.420542,
-8.075162,
15.748764,
5.783215,
16.090160,
16.495699,
7.233886,
18.778928,
-6.516122,
11.461102,
-18.424114,
-1.911869,
-22.615540,
-14.783678,
-16.975393,
-20.792764,
-4.223434,
-16.913950,
9.382868,
-4.986993,
17.105852,
9.142655,
15.057570,
18.476928,
4.158702,
18.325768,
-10.262638,
8.666719,
-21.066518,
-5.785440,
-22.833393,
-17.868375,
-14.588633,
-21.516213,
-0.348238,
-14.807874,
12.821573,
-0.986741,
18.300760,
13.092898,
13.241828,
20.356370,
0.054110,
17.063439,
-14.731461,
4.740974,
-23.690822,
-10.508949,
-22.237456,
-21.022126,
-10.980745,
-21.423990,
4.504296,
-11.384957,
16.424880,
4.136690,
18.687254,
17.331806,
10.014881,
21.465681,
-5.330768,
14.320106,
-19.635471,
-0.609893,
-25.609816,
-15.813814,
-20.112022,
-23.540400,
-5.812188,
-19.754641,
10.087799,
-6.254855,
19.472859,
10.165355,
17.456580,
21.128812,
4.930607,
20.950152,
-11.812994,
9.591550,
-24.238918,
-7.242241,
-25.924932,
-20.962566,
-15.893001,
-24.480955,
0.816820,
-15.880281,
15.666744,
0.532347,
20.980098,
16.372343,
13.913288,
23.459078,
-2.018015,
18.046141,
-18.681648,
2.809485,
-27.482236,
-14.466107,
-23.804617,
-24.863445,
-9.447248,
-22.942362,
8.242115,
-9.596698,
20.119879,
8.346239,
19.973492,
21.613133,
7.775724,
23.279647,
-10.242949,
12.391574,
-24.776239,
-5.486084,
-28.255655,
-21.109761,
-18.804399,
-26.340456,
-1.261644,
-18.393092,
15.285320,
-1.329378,
22.205625,
16.010105,
15.829670,
24.585213,
-0.600891,
19.874473,
-18.578574,
4.266121,
-28.739451,
-14.146958,
-25.751077,
-25.764404,
-11.124210,
-24.491227,
7.538758,
-10.945894,
20.489244,
7.829342,
20.924888,
22.025770,
8.566178,
24.194804,
-10.167649,
13.162125,
-25.494800,
-5.331686,
-29.386715,
-21.616885,
-19.785988,
-27.155424,
-1.706448,
-19.026654,
15.376597,
-1.477335,
22.489487,
16.290585,
15.875810,
24.944225,
-1.017144,
19.926006,
-19.335563,
3.859319,
-29.465412,
-14.820189,
-26.089046,
-26.296227,
-10.989457,
-24.538059,
7.880644,
-10.479563,
20.581645,
8.468568,
20.421895,
22.321631,
7.485045,
23.783762,
-11.413274,
12.094608,
-26.320065,
-6.571970,
-29.395782,
-22.369383,
-19.049293,
-26.978036,
-0.772498,
-17.995847,
15.766404,
-0.199206,
21.833812,
16.990813,
14.242704,
24.494378,
-2.972908,
18.371251,
-20.704059,
1.892884,
-29.593512,
-16.204660,
-24.984748,
-26.355958,
-9.373074,
-23.229810,
8.934582,
-8.538235,
20.233598,
9.892351,
18.563829,
22.286326,
4.853101,
22.103902,
-13.598955,
9.493840,
-27.012565,
-8.811993,
-28.320623,
-23.094647,
-16.903674,
-25.814466,
1.109730,
-15.600011,
16.124108,
2.053552,
20.183907,
17.734120,
11.186974,
23.128267,
-6.029488,
15.429055,
-22.293564,
-1.203373,
-28.992805,
-17.890646,
-22.645683,
-25.780467,
-6.721583,
-20.750726,
10.244306,
-5.571609,
19.218851,
11.610582,
15.476757,
21.640289,
1.085664,
19.229408,
-16.238604,
5.744603,
-27.275461,
-11.566103,
-26.216894,
-23.473057,
-13.734855,
-23.693322,
3.423391,
-12.214808,
16.073301,
4.744535,
17.503642,
18.097362,
7.033093,
20.752024,
-9.673866,
11.376643,
-23.676803,
-4.937521,
-27.552377,
-19.444007,
-19.340382,
-24.436951,
-3.543456,
-17.353247,
11.330105,
-2.095753,
17.341131,
13.106572,
11.351933,
20.130212,
-3.341462,
15.293771,
-18.827434,
1.283394,
-26.846488,
-14.341327,
-23.206646,
-23.232372,
-9.984948,
-20.722178,
5.642336,
-8.283086,
15.284904,
7.319831,
13.836158,
17.698804,
2.171560,
17.346011,
-13.379460,
6.551070,
-24.474824,
-8.813206,
-25.244249,
-20.491708,
-15.405556,
-22.291078,
-0.357400,
-13.374128,
11.771277,
1.348831,
14.503767,
13.912037,
6.467142,
17.595238,
-7.927550,
10.511313,
-20.912418,
-3.435656,
-25.563335,
-16.707908,
-19.502564,
-22.216671,
-6.122628,
-17.118932,
7.298554,
-4.294016,
13.546140,
9.267156,
9.338678,
16.261417,
-2.956546,
12.997006,
-16.660186,
1.333013,
-24.417492,
-12.384727,
-22.155605,
-20.785426,
-11.231811,
-19.445150,
2.360861,
-9.228111,
11.269749,
4.242165,
10.750442,
13.663847,
1.184961,
14.003049,
-12.186839,
5.172497,
-22.145105,
-7.983268,
-23.397708,
-18.355826,
-15.402840,
-20.426041,
-2.600568,
-13.213973,
8.039777,
-0.748423,
10.803084,
10.166203,
4.289121,
13.649530,
-7.889119,
7.900173,
-19.116152,
-3.887017,
-23.376608,
-15.307570,
-18.488256,
-20.240756,
-7.227600,
-16.144764,
4.232025,
-5.379521,
9.693380,
6.130964,
6.277083,
12.140936,
-4.069920,
9.456085,
-15.689249,
-0.384266,
-22.313712,
-12.001771,
-20.457246,
-19.133818,
-11.258577,
-18.026101,
0.196448,
-9.425291,
7.674638,
1.885887,
7.177110,
9.727309,
-0.931655,
9.879238,
-12.180922,
2.335095,
-20.466081,
-8.753503,
-21.370267,
-17.378617,
-14.528157,
-18.949816,
-3.766868,
-12.756376,
5.022103,
-2.297160,
7.097991,
6.671181,
1.418850,
9.280403,
-8.846963,
4.172284,
-18.094743,
-5.816110,
-21.351217,
-15.247753,
-16.957561,
-19.066270,
-7.420234,
-15.328479,
2.005717,
-6.212260,
6.202058,
3.222232,
2.957883,
7.815453,
-5.874302,
5.105734,
-15.440861,
-3.375449,
-20.560819,
-12.991298,
-18.539027,
-18.558527,
-10.591426,
-17.165981,
-1.129025,
-9.720579,
4.680798,
-0.399903,
3.728359,
5.661906,
-3.381084,
5.174078,
-12.709860,
-1.551641,
-19.173571,
-10.822807,
-19.317796,
-17.620405,
-13.169747,
-18.343686,
-4.172552,
-12.745021,
2.734787,
-4.015285,
3.822227,
3.000172,
-1.422492,
4.458730,
-10.062704,
-0.405833,
-17.359486,
-8.912056,
-19.374099,
-16.439329,
-15.097564,
-18.968937,
-6.956177,
-15.260782,
0.558630,
-7.487006,
3.363806,
0.000000,
0.000000,
3.067959,
-7.613020,
0.050307,
-15.270921,
-7.383056,
-18.806900,
-15.184046,
-16.359484,
-19.165587,
-9.352044,
-17.283815,
-1.669187,
-10.719678,
2.495352,
-3.188049,
0.927826,
1.123636,
-5.428570,
-0.155821,
-13.034199,
-6.315824,
-17.720366,
-13.996752,
-16.970912,
-19.060599,
-11.269604,
-18.858768,
-3.792133,
-13.654567,
1.365434,
-6.436724,
1.434398,
-1.248855,
-3.535668,
-0.967701,
-10.745375,
-5.750436,
-16.213515,
-12.988815,
-16.967259,
-18.773508,
-12.650088,
-20.047465,
-5.678035,
-16.262665,
0.120213,
-9.642649,
1.614945,
-3.927460,
-1.925332,
-2.308346,
-8.469311,
-5.692179,
-14.373039,
-12.239225,
-16.394630,
-18.408619,
-13.460147,
-20.918590,
-7.219018,
-18.536769,
-1.102663,
-12.724220,
1.577618,
-6.797343,
-0.560281,
-4.087135,
-6.241294,
-6.116875,
-12.269087,
-11.794881,
-15.302471,
-18.049575,
-13.685633,
-21.538906,
-8.329925,
-20.483389,
-2.178055,
-15.617686,
1.435991,
-9.752269,
0.617875,
-6.204743,
-4.070459,
-6.975753,
-9.953645,
-11.672011,
-13.738380,
-17.755868,
-13.326202,
-21.966090,
-8.946077,
-22.115031,
-2.995798,
-18.272183,
1.302847,
-12.694049,
1.681573,
-8.556250,
-1.944497,
-8.199550,
-7.461116,
-11.858153,
-11.745112,
-17.560876,
-12.391209,
-22.243156,
-9.021049,
-23.443278,
-3.462279,
-20.644342,
1.284971,
-15.530644,
2.710527,
-11.032728,
0.164762,
-9.701730,
-4.810738,
-12.314359,
-9.359683,
-17.471053,
-10.897174,
-22.394365,
-8.525035,
-24.472913,
-3.501685,
-22.693041,
1.478613,
-18.173515,
3.785206,
-13.521730,
2.295143,
-11.380938,
-2.010526,
-12.977468,
-6.614424,
-17.466094,
-8.866965,
-22.422571,
-7.444180,
-25.197313,
-3.057403,
-24.374755,
1.965237,
-20.534820,
4.980477,
-15.907164,
4.487426,
-13.122962,
0.937533,
-13.762499,
-3.539787,
-17.499971,
-6.330697,
-22.307973,
-5.781121,
-25.595305,
-2.093930,
-25.639951,
2.807265,
-22.525020,
6.359278,
-18.069130,
6.778274,
-14.802619,
4.031274,
-14.565375,
-0.168656,
-17.502946,
-3.328238,
-22.008385,
-3.556809,
-25.629706,
-0.599498,
-26.430928,
4.043607,
-24.051459,
7.966232,
-19.884293,
9.192874,
-16.286056,
7.261386,
-15.266319,
3.458135,
-17.384770,
0.086901,
-21.461193,
-0.813510,
-25.247824,
1.410566,
-26.681527,
5.684908,
-25.018474,
9.821252,
-21.227420,
11.737477,
-17.434036,
10.604018,
-15.734371,
7.285476,
-17.039392,
3.842674,
-20.587276,
2.381281,
-24.384197,
3.889933,
-26.319115,
7.708695,
-25.329540,
11.913312,
-21.974639,
14.392158,
-18.106762,
14.013398,
-15.833506,
11.237393,
-16.351538,
7.843169,
-19.297181,
5.930545,
-22.965901,
6.757255,
-25.269190,
10.054784,
-24.891917,
14.194815,
-22.008963,
17.104291,
-18.170765,
17.415101,
-15.430777,
15.210914,
-15.205527,
11.963593,
-17.499814,
9.703791,
-20.920624,
9.892721,
-23.462885,
12.621615,
-23.624097,
16.577219,
-21.228393,
19.783483,
-17.508177,
20.700784,
-14.406807,
19.071324,
-13.496503,
16.046551,
-15.113774,
13.534437,
-18.187594,
13.136156,
-20.847411,
15.264455,
-21.466135,
18.928866,
-19.556734,
22.298948,
-16.028520,
23.725476,
-12.668634,
22.649940,
-11.144047,
19.900832,
-12.081177,
17.219741,
-14.731127,
16.287844,
-17.399176,
17.796615,
-18.392581,
21.076148,
-16.956827,
24.480496,
-13.682667,
26.308623,
-10.164573,
25.745725,
-8.107713,
23.304028,
-8.383400,
20.524642,
-10.556142,
19.113421,
-13.138866,
19.995005,
-14.427262,
22.809325,
-13.445402,
26.124433,
-10.478159,
28.240237,
-6.900169,
28.132064,
-4.403470,
26.010375,
-4.057637,
23.190875,
-5.724415,
21.354192,
-8.147157,
21.611321,
-9.658509,
23.894228,
-9.108105,
27.005595,
-6.494369,
29.293336,
-2.953657,
29.569929,
-0.119382,
27.765005,
0.787521,
24.952530,
-0.369660,
22.743963,
-2.579062,
22.389908,
-4.252756,
24.090815,
-4.112554,
26.896392,
-1.895285,
29.243510,
1.511348,
29.828204,
4.571872,
28.325331,
5.960009,
25.558715,
5.291160,
23.032967,
3.325799,
22.092727,
1.536286,
23.178903,
1.283436,
25.593082,
3.062993,
27.895710,
6.238937,
28.711148,
9.406694,
27.489451,
11.178813,
24.803069,
10.953520,
22.018496,
9.240293,
20.530926,
7.366214,
20.990377,
6.731844,
22.948401,
8.033457,
25.117224,
10.883189,
26.091830,
14.033942,
25.130213,
16.078629,
22.558609,
16.231545,
19.580524,
14.757784,
17.601056,
12.815847,
17.445750,
11.806187,
18.908202,
12.591614,
20.874283,
15.023130,
21.948735,
18.031417,
21.231958,
20.228021,
18.814719,
20.678076,
15.718918,
19.414327,
13.322335,
17.409635,
12.591180,
16.028100,
13.547985,
16.264077,
15.267940,
18.193199,
16.400971,
20.938162,
15.925139,
23.163638,
13.711237,
23.820987,
10.586952,
22.727255,
7.869408,
20.658600,
6.630223,
18.910559,
7.103336,
18.573910,
8.563019,
19.930534,
9.735673,
22.303591,
9.512190,
24.441230,
7.562832,
25.216208,
4.514144,
24.250321,
1.593462,
22.117624,
-0.057061,
20.017222,
-0.013232,
19.101825,
1.202465,
19.837808,
2.419769,
21.751824,
2.476728,
23.701418,
0.865648,
24.514965,
-1.989708,
23.642469,
-4.976500,
21.455722,
-6.915842,
19.034052,
-7.217311,
17.558915,
-6.201171,
17.656802,
-4.912108,
19.055861,
-4.532111,
20.744362,
-5.721900,
21.538897,
-8.257297,
20.743358,
-11.160120,
18.531881,
-13.246872,
15.845281,
-13.787044,
13.862428,
-12.904447,
13.343660,
-11.500666,
14.212037,
-10.747012,
15.603190,
-11.430677,
16.352337,
-13.519523,
15.644398,
-16.185608,
13.464701,
-18.270733,
10.601400,
-18.931855,
8.201785,
-18.106317,
7.132535,
-16.539774,
7.500942,
-15.364723,
8.601946,
-15.467331,
9.317093,
-16.996115,
8.740218,
-19.284408,
6.680366,
-21.226547,
3.763361,
-21.895203,
1.078644,
-21.054916,
-0.428863,
-19.287166,
-0.481911,
-17.660429,
0.381074,
-17.132063,
1.112567,
-18.016513,
0.743263,
-19.814973,
-1.078450,
-21.498485,
-3.894438,
-22.083719,
-6.696348,
-21.179145,
-8.489107,
-19.198197,
-8.842846,
-17.123350,
-8.126486,
-15.955616,
-7.295448,
-16.157829,
-7.354786,
-17.401319,
-8.798629,
-18.754617,
-11.337807,
-19.206048,
-14.065017,
-18.227208,
-15.962548,
-16.063698,
-16.467749,
-13.593395,
-15.781382,
-11.834195,
-14.749216,
-11.377469,
-14.385766,
-12.062848,
-15.307576,
-13.073472,
-17.391891,
-13.395771,
-19.848953,
-12.385469,
-21.664809,
-10.124285,
-22.165761,
-7.370375,
-21.389636,
-5.132948,
-20.058746,
-4.110254,
-19.172324,
-4.304517,
-19.447797,
-5.026781,
-20.922732,
-5.286263,
-22.937783,
-4.345006,
-24.507521,
-2.128127,
-24.870200,
0.737561,
-23.909410,
3.275520,
-22.213918,
4.703583,
-20.744843,
4.866187,
-20.298007,
4.315027,
-21.061945,
3.995625,
-22.516863,
4.716848,
-23.728479,
6.699978,
-23.870630,
9.457707,
-22.684340,
12.068194,
-20.618348,
13.689089,
-18.574999,
14.023925,
-17.405497,
13.481674,
-17.437026,
12.942710,
-18.294681,
13.263977,
-19.115369,
14.800445,
-19.032109,
17.209040,
-17.657461,
19.642355,
-15.297065,
21.221811,
-12.776181,
21.525169,
-10.978254,
20.816981,
-10.354149,
19.895390,
-10.675377,
19.642974,
-11.167097,
20.533534,
-10.944469,
22.369587,
-9.507566,
24.395251,
-7.019004,
25.719297,
-4.211134,
25.810993,
-1.976759,
24.792260,
-0.873167,
23.364829,
-0.816081,
22.415204,
-1.132711,
22.519333,
-0.942133,
23.623346,
0.350756,
25.076985,
2.723392,
25.998968,
5.549552,
25.768848,
7.949304,
24.370801,
9.278053,
22.398851,
9.481581,
20.722691,
9.120248,
20.002193,
9.050895,
20.321819,
9.945603,
21.147740,
11.916231,
21.629598,
14.453151,
21.076852,
16.710422,
19.343441,
17.976567,
16.907147,
18.067758,
14.601281,
17.424939,
13.150136,
16.862577,
12.768025,
17.110997,
13.044780,
18.408342,
13.179789,
20.369107,
12.432209,
22.200820,
10.535387,
23.146223,
7.844943,
22.903408,
5.139578,
21.790100,
3.187530,
20.562081,
2.321455,
19.988869,
2.258400,
20.424336,
2.263724,
21.611435,
1.565685,
22.828440,
-0.211607,
23.293331,
-2.838112,
22.599652,
-5.606400,
20.940941,
-7.725314,
18.999919,
-8.758043,
17.566057,
-8.860379,
17.096020,
-8.687604,
17.462132,
-9.023724,
18.027901,
-10.341113,
18.006732,
-12.536232,
16.902446,
-14.987656,
14.785811,
-16.902326,
12.253947,
-17.755591,
10.096954,
-17.579439,
8.859054,
-16.939213,
8.539265,
-16.613502,
8.597563,
-17.157139,
8.261442,
-18.591367,
6.960460,
-20.393105,
4.646023,
-21.787660,
1.818867,
-22.180234,
-0.749499,
-21.485100,
-2.444607,
-20.169648,
-3.146978,
-18.990288,
-3.292450,
-18.568978,
-3.622765,
-19.047155,
-4.767012,
-20.009434,
-6.888019,
-20.718174,
-9.590354,
-20.526598,
-12.139845,
-19.239381,
-13.870693,
-17.220085,
-14.552408,
-15.186930,
-14.512379,
-13.812281,
-14.447063,
-13.350032,
-15.028626,
-13.498317,
-16.527276,
-13.572833,
-18.659634,
-12.892585,
-20.746486,
-11.162040,
-22.090449,
-8.636781,
-22.362023,
-5.981448,
-21.778901,
-3.900689,
-20.979700,
-2.749880,
-20.664032,
-2.342616,
-21.200664,
-2.061209,
-22.422272,
-1.207094,
-23.720235,
0.605339,
-24.385135,
3.231180,
-24.002032,
6.074047,
-22.679971,
8.416269,
-20.988686,
9.814959,
-19.639213,
10.342985,
-19.087677,
10.541344,
-19.283412,
11.110936,
-19.701068,
12.516794,
-19.637412,
14.725787,
-18.606135,
17.223323,
-16.610146,
19.298404,
-14.140227,
20.436906,
-11.902100,
20.603394,
-10.425330,
20.255005,
-9.772566,
20.080977,
-9.510673,
20.614321,
-8.958550,
21.932703,
-7.572186,
23.614826,
-5.251680,
24.975402,
-2.399457,
25.446465,
0.301582,
24.891817,
2.265047,
23.679695,
3.322347,
22.474316,
3.809519,
21.863831,
4.372328,
22.032810,
5.599632,
22.661615,
7.690184,
23.107669,
10.338463,
22.766279,
12.902173,
21.409059,
14.756770,
19.311440,
15.638571,
17.099158,
15.785300,
15.400590,
15.796688,
14.499606,
16.294160,
14.182420,
17.570247,
13.862889,
19.423219,
12.915130,
21.268293,
11.027083,
22.462187,
8.377814,
22.659176,
5.540524,
22.000038,
3.166527,
21.029366,
1.627340,
20.388579,
0.814537,
20.456785,
0.208190,
21.139949,
-0.825483,
21.925221,
-2.674276,
22.168985,
-5.258837,
21.456991,
-8.072925,
19.835518,
-10.461487,
17.785258,
-11.980542,
15.953641,
-12.637919,
14.795858,
-12.881204,
14.325118,
-13.340797,
14.110856,
-14.472407,
13.524781,
-16.298787,
12.096511,
-18.394286,
9.779999,
-20.119799,
6.982608,
-20.976076,
4.341623,
-20.877941,
2.373851,
-20.196922,
1.194181,
-19.549540,
0.459676,
-19.450440,
-0.430657,
-20.024324,
-1.992927,
-20.937077,
-4.364107,
-21.583546,
-7.220366,
-21.426203,
-9.952647,
-20.295227,
-12.000557,
-18.482888,
-13.157794,
-16.580468,
-13.678981,
-15.149739,
-14.129246,
-14.412857,
-15.061540,
-14.133472,
-16.702385,
-13.754534,
-18.821277,
-12.714845,
-20.855830,
-10.767094,
-22.221871,
-8.120016,
-22.634843,
-5.326102,
-22.263315,
-2.978504,
-21.629730,
-1.386879,
-21.314823,
-0.412956,
-21.631348,
0.443191,
-22.449207,
1.755359,
-23.268878,
3.843265,
-23.501195,
6.587522,
-22.796641,
9.490165,
-21.240356,
11.946050,
-19.304651,
13.572985,
-17.586511,
14.416325,
-16.477311,
14.914526,
-15.949182,
15.645884,
-15.576662,
16.998638,
-14.780584,
18.948754,
-13.157284,
21.068922,
-10.709160,
22.762894,
-7.848391,
23.593613,
-5.172581,
23.521844,
-3.138314,
22.922632,
-1.815005,
22.371330,
-0.855938,
22.319481,
0.298282,
22.841743,
2.098300,
23.594755,
4.626389,
24.010046,
7.543241,
23.612514,
10.270099,
22.286375,
12.303822,
20.340483,
13.488721,
18.337371,
14.093825,
16.782252,
14.653294,
15.845963,
15.659998,
15.276178,
17.283754,
14.545668,
19.271355,
13.153942,
21.083487,
10.913440,
22.191327,
8.060648,
22.366862,
5.130797,
21.805068,
2.666871,
21.010521,
0.925765,
20.512592,
-0.254577,
20.568766,
-1.353642,
21.021605,
-2.890035,
21.388567,
-5.122344,
21.133721,
-7.896174,
19.969118,
-10.722212,
18.017633,
-13.040983,
15.746941,
-14.526030,
13.712307,
-15.256360,
12.252312,
-15.662554,
11.307365,
-16.277514,
10.461716,
-17.431687,
9.184655,
-19.063010,
7.135559,
-20.747249,
4.362352,
-21.931026,
1.282992,
-22.236901,
-1.538960,
-21.670105,
-3.698850,
-20.612034,
-5.165464,
-19.604949,
-6.286356,
-19.048743,
-7.581857,
-18.979272,
-9.443538,
-19.051574,
-11.905755,
-18.736599,
-14.617551,
-17.620929,
-17.029950,
-15.641913,
-18.693501,
-13.127257,
-19.499802,
-10.617657,
-19.732574,
-8.572134,
-19.900574,
-7.120786,
-20.446409,
-6.002642,
-21.494187,
-4.722528,
-22.776703,
-2.838584,
-23.782188,
-0.219491,
-24.038035,
2.872065,
-23.372787,
5.915743,
-22.010366,
8.412974,
-20.444573,
10.153224,
-19.164665,
11.318706,
-18.385597,
12.369841,
-17.933382,
13.776224,
-17.348929,
15.743850,
-16.151657,
18.090868,
-14.115200,
20.340776,
-11.401313,
21.980411,
-8.477702,
22.738347,
-5.866270,
22.728426,
-3.862728,
22.378896,
-2.383957,
22.187516,
-1.027740,
22.439892,
0.689319,
23.048361,
3.049153,
23.600922,
5.962802,
23.592236,
9.008484,
22.707209,
11.655333,
20.998799,
13.547503,
18.861195,
14.690081,
16.813996,
15.433543,
15.218409,
16.266260,
14.083941,
17.531560,
13.073079,
19.227571,
11.700577,
21.001341,
9.615444,
22.339957,
6.807917,
22.851472,
3.626107,
22.478696,
0.593532,
21.526866,
-1.870137,
20.490437,
-3.669132,
19.776311,
-5.070042,
19.478306,
-6.537941,
19.328496,
-8.462466,
18.851986,
-10.927156,
17.638076,
-13.650771,
15.576096,
-16.132902,
12.924401,
-17.922116,
10.174497,
-18.856780,
7.786695,
-19.144420,
5.945066,
-19.236001,
4.468252,
-19.566046,
2.925235,
-20.304126,
0.890672,
-21.256412,
-1.803265,
-21.971813,
-4.959208,
-21.992861,
-8.110844,
-21.110951,
-10.768919,
-19.483533,
-12.679433,
-17.548311,
-13.950110,
-15.782960,
-14.975176,
-14.444878,
-16.201231,
-13.436180,
-17.865513,
-12.368789,
-19.852843,
-10.792565,
-21.750818,
-8.458579,
-23.071986,
-5.470377,
-23.518620,
-2.239071,
-23.142336,
0.732240,
-22.309924,
3.114056,
-21.495125,
4.917915,
-21.013145,
6.472747,
-20.846233,
8.224141,
-20.657383,
10.469270,
-19.983896,
13.175774,
-18.502221,
15.985601,
-16.216021,
18.401276,
-13.462675,
20.050293,
-10.735079,
20.880035,
-8.418591,
21.174858,
-6.590057,
21.386508,
-4.990671,
21.873206,
-3.187138,
22.693393,
-0.830423,
23.569157,
2.132783,
24.039313,
5.413930,
23.716195,
8.527279,
22.502597,
11.044283,
20.647947,
12.815622,
18.612837,
14.037331,
16.818056,
15.124797,
15.418435,
16.465744,
14.227543,
18.190590,
12.834681,
20.088460,
10.848175,
21.715459,
8.128669,
22.634359,
4.882093,
22.651693,
1.560654,
21.920086,
-1.372547,
20.849197,
-3.683741,
19.875607,
-5.479733,
19.220513,
-7.128719,
18.770473,
-9.035666,
18.147367,
-11.398290,
16.927917,
-14.080099,
14.889753,
-16.671239,
12.146518,
-18.702871,
9.096815,
-19.895221,
6.215867,
-20.300987,
3.806420,
-20.264567,
1.847813,
-20.220564,
0.026905,
-20.444614,
-2.067151,
-20.895837,
-4.693732,
-21.238639,
-7.796631,
-21.031238,
-11.016624,
-19.975239,
-13.873464,
-18.086795,
-16.015531,
-15.694030,
-17.397902,
-13.262571,
-18.289933,
-11.146941,
-19.108856,
-9.406615,
-20.172995,
-7.789041,
-21.512746,
-5.888405,
-22.844836,
-3.390833,
-23.723921,
-0.268687,
-23.786540,
3.184595,
-22.951133,
6.498385,
-21.462675,
9.266965,
-19.757496,
11.354776,
-18.224225,
12.950665,
-16.994502,
14.441597,
-15.880107,
16.177121,
-14.491043,
18.256628,
-12.468030,
20.458335,
-9.699131,
22.349495,
-6.399463,
23.516050,
-3.009621,
23.783439,
0.030251,
23.305531,
2.504621,
22.472565,
4.520167,
21.690082,
6.423031,
21.152639,
8.582738,
20.738648,
11.164076,
20.084672,
14.014628,
18.797162,
16.730717,
16.683001,
18.864812,
13.869986,
20.158534,
10.750145,
20.671444,
7.777782,
20.734270,
5.235112,
20.753367,
3.096092,
20.976143,
1.063862,
21.348604,
-1.239895,
21.544396,
-4.040119,
21.148705,
-7.259624,
19.894005,
-10.539572,
17.815885,
-13.417675,
15.242135,
-15.564599,
12.621501,
-16.946841,
10.287939,
-17.825708,
8.291910,
-18.593727,
6.392420,
-19.540515,
4.213557,
-20.679227,
1.477361,
-21.730507,
-1.817463,
-22.272663,
-5.370988,
-21.973937,
-8.725346,
-20.777118,
-11.495831,
-18.933605,
-13.561026,
-16.868310,
-15.106339,
-14.951170,
-16.497445,
-13.302924,
-18.055078,
-11.743297,
-19.857507,
-9.909920,
-21.681178,
-7.480905,
-23.112599,
-4.376258,
-23.768824,
-0.825446,
-23.503400,
2.736648,
-22.483032,
5.887250,
-21.092617,
8.425421,
-19.722146,
10.457399,
-18.554719,
12.310675,
-17.473918,
14.325643,
-16.141820,
16.641883,
-14.203482,
19.098773,
-11.503211,
21.306010,
-8.191595,
22.844616,
-4.663505,
23.486211,
-1.361724,
23.308409,
1.444244,
22.642421,
3.781118,
21.882713,
5.928607,
21.265429,
8.235046,
20.739392,
10.895636,
20.001444,
13.817641,
18.675912,
16.648048,
16.537534,
18.948277,
13.653101,
20.418494,
10.362713,
21.046579,
7.111191,
21.099135,
4.223761,
20.960258,
1.750944,
20.908669,
-0.531386,
20.957958,
-2.967688,
20.849064,
-5.801192,
20.198852,
-9.009462,
18.721460,
-12.289236,
16.398575,
-15.199174,
13.503568,
-17.380927,
10.466137,
-18.735448,
7.653111,
-19.456665,
5.187625,
-19.904499,
2.907076,
-20.388849,
0.482548,
-20.985653,
-2.367859,
-21.487847,
-5.691642,
-21.518448,
-9.245525,
-20.742337,
-12.601824,
-19.058302,
-15.358352,
-16.664150,
-17.334989,
-13.958694,
-18.647773,
-11.335536,
-19.619950,
-8.983717,
-20.580503,
-6.806146,
-21.663298,
-4.500651,
-22.719339,
-1.757530,
-23.391110,
1.537459,
-23.307359,
5.208555,
-22.289427,
8.857014,
-20.453993,
12.052476,
-18.155089,
14.542199,
-15.798039,
16.361906,
-13.629281,
17.787202,
-11.619181,
19.153624,
-9.502683,
20.646591,
-6.954294,
22.179062,
-3.798926,
23.425392,
-0.140265,
23.992447,
3.665395,
23.632410,
7.175498,
22.378547,
10.075230,
20.528421,
12.320247,
18.484271,
14.129293,
16.539902,
15.831807,
14.732974,
17.656540,
12.844722,
19.579891,
10.546548,
21.319002,
7.610867,
22.473568,
4.067841,
22.737249,
0.220046,
22.060769,
-3.493409,
20.675993,
-6.707788,
18.967936,
-9.301445,
17.266520,
-11.428968,
15.674415,
-13.401266,
14.026775,
-15.480585,
12.004755,
-17.705728,
9.338694,
-19.845584,
5.986853,
-21.507195,
2.189427,
-22.338125,
-1.632659,
-22.210375,
-5.078000,
-21.283508,
-7.952715,
-19.912223,
-10.342026,
-18.450438,
-12.526479,
-17.061476,
-14.790668,
-15.640182,
-17.232244,
-13.889980,
-19.678506,
-11.511167,
-21.757553,
-8.394639,
-23.084513,
-4.712379,
-23.459127,
-0.853788,
-22.964767,
2.756906,
-21.914138,
5.860721,
-20.672524,
8.470508,
-19.457604,
10.825567,
-18.227606,
13.220779,
-16.719897,
15.806720,
-14.617858,
18.473199,
-11.752208,
20.881772,
-8.223824,
22.629441,
-4.379062,
23.452450,
-0.651013,
23.356818,
2.645142,
22.603314,
5.449134,
21.555856,
7.949472,
20.478449,
10.438770,
19.394173,
13.112482,
18.084727,
15.924371,
16.230264,
18.580090,
13.610800,
20.672927,
10.256156,
21.886296,
6.460268,
22.150386,
2.651496,
21.666101,
-0.809125,
20.783575,
-3.789715,
19.803671,
-6.420092,
18.813529,
-8.978046,
17.647907,
-11.694076,
15.997444,
-14.584698,
13.602789,
-17.408208,
10.425600,
-19.768178,
6.700430,
-21.307348,
2.838112,
-21.884162,
-0.765883,
-21.633973,
-3.911760,
-20.881466,
-6.664679,
-19.953803,
-9.275512,
-18.999201,
-11.998608,
-17.912247,
-14.909520,
-16.407294,
-17.825410,
-14.198366,
-20.373259,
-11.184504,
-22.168337,
-7.536482,
-23.003807,
-3.636019,
-22.946221,
0.099073,
-22.284304,
3.406829,
-21.360289,
6.283935,
-20.378451,
8.943181,
-19.297828,
11.650685,
-17.868765,
14.535046,
-15.792315,
17.476069,
-12.912824,
20.135999,
-9.335543,
22.116442,
-5.403060,
23.153907,
-1.543150,
23.245425,
1.927646,
22.634802,
4.936006,
21.667898,
7.646855,
20.598238,
10.325627,
19.451682,
13.146023,
18.025498,
16.051815,
16.021817,
18.750778,
13.240255,
20.844831,
9.721438,
22.024331,
5.760651,
22.218641,
1.783393,
21.619600,
-1.848412,
20.565486,
-4.992264,
19.350811,
-7.757207,
18.068373,
-10.395695,
16.571595,
-13.117057,
14.577642,
-15.927995,
11.853001,
-18.590239,
8.377088,
-20.719771,
4.391804,
-21.972848,
0.308628,
-22.215564,
-3.475618,
-21.582929,
-6.752455,
-20.395143,
-9.569131,
-18.978357,
-12.153530,
-17.490249,
-14.740063,
-15.847663,
-17.395162,
-13.796166,
-19.940959,
-11.081891,
-22.020631,
-7.628798,
-23.269586,
-3.621504,
-23.497481,
0.553409,
-22.780044,
4.475693,
-21.410036,
7.876387,
-19.735231,
10.737418,
-17.974114,
13.251717,
-16.112044,
15.667699,
-13.935302,
18.106443,
-11.183117,
20.454878,
-7.731767,
22.395570,
-3.706924,
23.557140,
0.539474,
23.701881,
4.575881,
22.846324,
8.080528,
21.247953,
10.969095,
19.265897,
13.390876,
17.173560,
15.597223,
15.027609,
17.757256,
12.665849,
19.825074,
9.834183,
21.533589,
6.370625,
22.519113,
2.342383,
22.507620,
-1.941649,
21.459089,
-6.051100,
19.589714,
-9.621077,
17.259855,
-12.502814,
14.790388,
-14.795430,
12.309685,
-16.742703,
9.715967,
-18.554096,
6.774952,
-20.251312,
3.296956,
-21.627095,
-0.706832,
-22.339913,
-4.977491,
-22.092092,
-9.098360,
-20.792176,
-12.672902,
-18.611073,
-15.492510,
-15.900754,
-17.602087,
-13.020802,
-19.228430,
-10.169254,
-20.612984,
-7.311341,
-21.843720,
-4.244693,
-22.781015,
-0.763103,
-23.119517,
3.174164,
-22.551752,
7.363592,
-20.942191,
11.414571,
-18.414574,
14.911956,
-15.303617,
17.594670,
-11.997776,
19.452152,
-8.760256,
20.686378,
-5.627231,
21.562212,
-2.438699,
22.230960,
1.016915,
22.626576,
4.826919,
22.492999,
8.847194,
21.527456,
12.725117,
19.559598,
16.041243,
16.666140,
18.492054,
13.156612,
20.013215,
9.437623,
20.776004,
5.830600,
21.060339,
2.443604,
21.076517,
-0.832780,
20.835985,
-4.205014,
20.143666,
-7.800848,
18.716017,
-11.538250,
16.358500,
-15.113929,
13.102751,
-18.119389,
9.226149,
-20.221116,
5.141996,
-21.305653,
1.220546,
-21.509909,
-2.360573,
-21.121010,
-5.654761,
-20.402637,
-8.854230,
-19.445410,
-12.120771,
-18.124981,
-15.436002,
-16.190867,
-18.556537,
-13.435689,
-21.100627,
-9.849357,
-22.719238,
-5.671009,
-23.257230,
-1.308515,
-22.815754,
2.830864,
-21.681997,
6.505727,
-20.166225,
9.711310,
-18.437438,
12.618384,
-16.449209,
15.416610,
-13.996428,
18.151877,
-10.870162,
20.650280,
-7.022802,
22.572663,
-2.649809,
23.570431,
1.859134,
23.456590,
6.073944,
22.297277,
9.698825,
20.373293,
12.672317,
18.033444,
15.139004,
15.521543,
17.310891,
12.873091,
19.297912,
9.938269,
21.003937,
6.516904,
22.147652,
2.528279,
22.397584,
-1.880890,
21.546447,
-6.352496,
19.627829,
-10.450024,
16.910199,
-13.836183,
13.771438,
-16.398053,
10.523461,
-18.252005,
7.283849,
-19.627754,
3.964704,
-20.698185,
0.383040,
-21.451495,
-3.571063,
-21.678065,
-7.804664,
-21.079942,
-12.005154,
-19.441930,
-15.747897,
-16.768577,
-18.670218,
-13.310151,
-20.616575,
-9.462416,
-21.675825,
-5.595144,
-22.091624,
-1.903685,
-22.097596,
1.635437,
-21.770453,
5.182340,
-20.983696,
8.873388,
-19.487800,
12.674617,
-17.071675,
16.333159,
-13.714460,
19.455927,
-9.641841,
21.673541,
-5.254170,
22.799732,
-0.964966,
22.898864,
2.961921,
22.225282,
6.487791,
21.069498,
9.747617,
19.597714,
12.903020,
17.774360,
15.984388,
15.410329,
18.812648,
12.308930,
21.046391,
8.426573,
22.329707,
3.956797,
22.459546,
-0.711168,
21.480268,
-5.138218,
19.653437,
-9.006388,
17.320165,
-12.222077,
14.732882,
-14.896505,
11.949808,
-17.216986,
8.849862,
-19.283429,
5.257904,
-21.003518,
1.108285,
-22.106777,
-3.446929,
-22.270889,
-8.047878,
-21.290496,
-12.251861,
-19.194632,
-15.706011,
-16.247283,
-18.273845,
-12.830442,
-20.047572,
-9.274152,
-21.241766,
-5.727091,
-22.029946,
-2.138043,
-22.417046,
1.643775,
-22.220090,
5.708244,
-21.168408,
9.956107,
-19.067404,
14.077302,
-15.933975,
17.650574,
-12.027129,
20.311204,
-7.755515,
21.895546,
-3.511887,
22.483870,
0.475135,
22.319545,
4.191745,
21.651256,
7.766663,
20.587368,
11.319297,
19.044087,
14.816169,
16.816029,
18.018589,
13.728833,
20.553284,
9.787192,
22.068710,
5.233860,
22.391596,
0.484647,
21.597831,
-4.026664,
19.959273,
-8.009504,
17.796851,
-11.396761,
15.322063,
-14.302369,
12.554727,
-16.883094,
9.361597,
-19.184609,
5.592346,
-21.060373,
1.234626,
-22.210638,
-3.501001,
-22.321304,
-8.216456,
-21.226100,
-12.464965,
-19.002055,
-15.918756,
-15.945060,
-18.474999,
-12.438730,
-20.243853,
-8.788779,
-21.428107,
-5.113712,
-22.164073,
-1.350575,
-22.414467,
2.630264,
-21.974278,
6.868523,
-20.586878,
11.206275,
-18.105405,
15.292413,
-14.608643,
18.699872,
-10.405564,
21.093008,
-5.924379,
22.354360,
-1.545946,
22.602443,
2.528054,
22.092699,
6.301665,
21.058445,
9.894515,
19.581458,
13.388879,
17.564509,
16.702777,
14.820459,
19.563107,
11.226737,
21.596567,
6.857017,
22.489870,
2.014187,
22.131651,
-2.856466,
20.658225,
-7.328377,
18.378505,
-11.142434,
15.620255,
-14.263759,
12.583027,
-16.818406,
9.278584,
-18.948793,
5.590038,
-20.671671,
1.414003,
-21.820509,
-3.196716,
-22.106333,
-7.972895,
-21.264278,
-12.488184,
-19.204564,
-16.308260,
-16.083573,
-19.149962,
-12.254706,
-20.964900,
-8.125217,
-21.903951,
-3.997032,
-22.185230,
0.022165,
-21.941399,
3.991143,
-21.132957,
8.009789,
-19.576490,
12.070052,
-17.071800,
15.970208,
-13.555903,
19.343906,
-9.196253,
21.791050,
-4.368944,
23.040336,
0.468621,
23.055176,
4.942626,
22.025876,
8.876821,
20.253844,
12.295830,
17.993138,
15.319985,
15.337622,
18.014321,
12.215624,
20.279637,
8.493107,
21.849460,
4.125095,
22.396961,
-0.732362,
21.693809,
-5.715696,
19.733260,
-10.360113,
16.749079,
-14.263174,
13.119346,
-17.218202,
9.207717,
-19.246888,
5.228780,
-20.516507,
1.209941,
-21.191165,
-2.932368,
-21.302641,
-7.248619,
-20.714619,
-11.628881,
-19.201038,
-15.767515,
-16.594689,
-19.243552,
-12.922149,
-21.675588,
-8.448068,
-22.868027,
-3.601789,
-22.869916,
1.175627,
-21.915868,
5.582039,
-20.283664,
9.522429,
-18.148786,
13.060913,
-15.516836,
16.287843,
-12.270315,
19.180491,
-8.301470,
21.538999,
-3.654113,
23.036641,
1.408221,
23.358903,
6.449698,
22.355577,
11.002798,
20.122034,
14.727917,
16.964594,
17.507179,
13.268826,
19.424340,
9.342833,
20.645944,
5.320680,
21.273444,
1.176614,
21.251421,
-3.161784,
20.384731,
-7.669120,
18.455616,
-12.131615,
15.375003,
-16.165570,
11.282276,
-19.338863,
6.535766,
-21.331636,
1.596508,
-22.049997,
-3.133304,
-21.632238,
-7.431053,
-20.346399,
-11.270792,
-18.437746,
-14.732023,
-16.011672,
-17.855950,
-13.016633,
-20.534015,
-9.334793,
-22.494962,
-4.926968,
-23.400887,
0.052579,
-23.001113,
5.239670,
-21.259528,
10.155689,
-18.385021,
14.366368,
-14.747774,
17.620005,
-10.726963,
19.892659,
-6.572667,
21.319559,
-2.355881,
22.054956,
1.969537,
22.141810,
6.432254,
21.466213,
10.916374,
19.823011,
15.117900,
17.055890,
18.613926,
13.192560,
21.010420,
8.497470,
22.090093,
3.409712,
21.881158,
-1.602922,
20.611202,
-6.196579,
18.573593,
-10.230388,
15.981579,
-13.733014,
12.890886,
-16.780741,
9.232187,
-19.360202,
4.932342,
-21.296921,
0.052858,
-22.293243,
-5.136228,
-22.057227,
-10.193247,
-20.452274,
-14.637109,
-17.584640,
-18.106232,
-13.779657,
-20.460561,
-9.458519,
-21.774494,
-4.981969,
-22.228897,
-0.544633,
-21.965865,
3.825466,
-20.989610,
8.167081,
-19.169851,
12.446909,
-16.345570,
16.464867,
-12.469739,
19.861752,
-7.711653,
22.229860,
-2.456269,
23.269054,
2.803349,
22.904545,
7.625341,
21.303163,
11.746571,
18.780493,
15.112867,
15.650985,
17.800819,
12.103727,
19.880187,
8.170881,
21.298486,
3.802891,
21.855990,
-0.996067,
21.287740,
-6.053242,
19.408223,
-11.002809,
16.238121,
-15.371161,
12.041401,
-18.730000,
7.249868,
-20.837124,
2.314097,
-21.691137,
-2.440312,
-21.473660,
-6.876059,
-20.414424,
-10.997513,
-18.656457,
-14.826310,
-16.197146,
-18.274763,
-12.937121,
-21.093465,
-8.807353,
-22.927352,
-3.899990,
-23.452990,
1.474599,
-22.523465,
6.841645,
-20.241845,
11.702331,
-16.922822,
15.688365,
-12.963284,
18.650583,
-8.692050,
20.638039,
-4.279291,
21.784636,
0.248361,
22.171130,
4.900990,
21.742901,
9.592667,
20.331349,
14.063339,
17.767486,
17.905254,
14.023335,
20.685075,
9.299907,
22.098787,
4.009161,
22.077318,
-1.344518,
20.787325,
-6.322565,
18.528853,
-10.667973,
15.587782,
-14.320450,
12.124658,
-17.329173,
8.159645,
-19.718190,
3.658243,
-21.385240,
-1.335070,
-22.095069,
-6.595726,
-21.574273,
-11.713337,
-19.656608,
-16.191168,
-16.398072,
-19.601812,
-12.096533,
-21.718390,
-7.202557,
-22.553631,
-2.167515,
-22.289745,
2.691167,
-21.141760,
7.238349,
-19.232705,
11.462821,
-16.550736,
15.351903,
-13.010899,
18.775972,
-8.584190,
21.453852,
-3.417638,
23.023994,
2.126987,
23.186174,
7.543612,
21.837792,
12.328855,
19.130421,
16.130490,
15.415322,
18.821460,
11.107030,
20.464694,
6.538300,
21.194189,
1.883017,
21.083419,
-2.815572,
20.077738,
-7.533744,
18.030038,
-12.142591,
14.819539,
-16.346696,
10.485479,
-19.727534,
5.297629,
-21.873784,
-0.280485,
-22.531306,
-5.721001,
-21.693373,
-10.588254,
-19.583732,
-14.642330,
-16.543341,
-17.839366,
-12.883677,
-20.235768,
-8.786403,
-21.856493,
-4.301575,
-22.606541,
0.559963,
-22.279216,
5.698104,
-20.659033,
10.837940,
-17.662535,
15.542568,
-13.437391,
19.324620,
-8.361755,
21.801405,
-2.940025,
22.813413,
2.352373,
22.445336,
7.195266,
20.941835,
11.458112,
18.567376,
15.131297,
15.488864,
18.200603,
11.745106,
20.542305,
7.316802,
21.903797,
2.252945,
21.985492,
-3.223284,
20.581580,
-8.695559,
17.702600,
-13.640795,
13.611122,
-17.580632,
8.748543,
-20.221179,
3.590083,
-21.510134,
-1.496497,
-21.585531,
-6.316339,
-20.649467,
-10.808377,
-18.840338,
-14.931851,
-16.175959,
-18.550223,
-12.598304,
-21.385172,
-8.091881,
-23.073285,
-2.804864,
-23.299360,
2.900905,
-21.935873,
8.506300,
-19.112931,
13.474265,
-15.179941,
17.402730,
-10.578751,
20.114021,
-5.695483,
21.638606,
-0.768396,
22.109054,
4.103731,
21.628706,
8.865464,
20.191903,
13.383199,
17.701695,
17.374932,
14.074426,
20.438813,
9.369950,
22.171959,
3.870099,
22.319259,
-1.944687,
20.873554,
-7.515046,
18.073898,
-12.360249,
14.303460,
-16.194507,
9.942575,
-18.945922,
5.255344,
-20.675806,
0.367516,
-21.450633,
-4.659249,
-21.243807,
-9.706628,
-19.925803,
-14.508894,
-17.349734,
-18.652021,
-13.483875,
-21.671813,
-8.514297,
-23.204059,
-2.855492,
-23.109289,
2.943435,
-21.507262,
8.352513,
-18.704714,
12.997572,
-15.057327,
16.712869,
-10.841321,
19.489612,
-6.202398,
21.357804,
-1.204542,
22.274876,
4.056261,
22.089063,
9.345776,
20.601678,
14.261543,
17.694932,
18.305439,
13.453029,
21.027288,
8.205772,
22.167372,
2.465143,
21.724868,
-3.216705,
19.918820,
-8.397183,
17.066076,
-12.826521,
13.444634,
-16.427946,
9.216512,
-19.195559,
4.448643,
-21.075855,
-0.786531,
-21.906566,
-6.295265,
-21.452599,
-11.705587,
-19.522389,
-16.510991,
-16.100724,
-20.200229,
-11.422429,
-22.410004,
-5.942028,
-23.023439,
-0.210439,
-22.165891,
5.280167,
-20.104934,
10.205887,
-17.112513,
14.423899,
-13.365776,
17.891810,
-8.938922,
20.548560,
-3.885119,
22.232319,
1.644775,
22.688503,
7.322102,
21.668603,
12.653702,
19.067404,
17.091630,
15.022210,
20.188215,
9.916358,
21.719255,
4.280355,
21.714550,
-1.361059,
20.384848,
-6.619231,
17.989800,
-11.286579,
14.721832,
-15.281886,
10.669192,
-18.537240,
5.874533,
-20.899795,
0.449620,
-22.111895,
-5.326509,
-21.887338,
-10.990771,
-20.045551,
-15.980775,
-16.630476,
-19.784616,
-11.946834,
-22.082438,
-6.489941,
-22.809908,
-0.802213,
-22.115658,
4.671706,
-20.241700,
9.660172,
-17.396213,
14.039107,
-13.689475,
17.731445,
-9.165549,
20.598575,
-3.906194,
22.394182,
1.859180,
22.814281,
7.708778,
21.621173,
13.084856,
18.775165,
17.431205,
14.500725,
20.346034,
9.247559,
21.675071,
3.563057,
21.501523,
-2.060374,
20.044960,
-7.287527,
17.529412,
-11.946203,
14.095211,
-15.945154,
9.801594,
-19.161658,
4.713491,
-21.372252,
-0.983686,
-22.274362,
-6.915092,
-21.593578,
-12.543009,
-19.220789,
-17.285882,
-15.303811,
-20.675162,
-10.240561,
-22.473368,
-4.572910,
-22.696995,
1.166853,
-21.538911,
6.580789,
-19.238374,
11.442885,
-15.972994,
15.640639,
-11.831523,
19.065561,
-6.878044,
21.525258,
-1.264303,
22.736139,
4.682296,
22.408538,
10.455528,
20.381670,
15.466028,
16.734993,
19.194772,
11.812570,
21.330317,
6.142494,
21.823463,
0.289237,
20.836998,
-5.288263,
18.624067,
-10.304980,
15.405453,
-14.619061,
11.313288,
-18.131958,
6.428311,
-20.687386,
0.882491,
-22.036183,
-5.040162,
-21.895061,
-10.872599,
-20.071985,
-16.033570,
-16.590527,
-19.970780,
-11.742784,
-22.310699,
-6.037091,
-22.942208,
-0.062472,
-21.996072,
5.664300,
-19.737594,
10.795473,
-16.435047,
15.151910,
-12.276497,
18.639105,
-7.377110,
21.139249,
-1.865293,
22.450779,
4.010665,
22.317981,
9.827194,
20.539926,
15.025477,
17.100393,
19.038035,
12.245175,
21.443933,
6.459133,
22.077172,
0.348201,
21.036677,
-5.518099,
18.598295,
-10.728028,
15.080543,
-15.058710,
10.737987,
-18.413427,
5.737074,
-20.713330,
0.219825,
-21.815513,
-5.591020,
-21.512163,
-11.316944,
-19.617043,
-16.434512,
-16.093227,
-20.380064,
-11.149269,
-22.702933,
-5.245032,
-23.193021,
1.004433,
-21.920401,
6.984305,
-19.170555,
12.221012,
-15.313543,
16.444287,
-10.678463,
19.549976,
-5.497802,
21.497816,
0.056147,
22.212854,
5.774859,
21.554326,
11.324645,
19.374754,
16.229449,
15.637793,
19.949472,
10.526672,
22.025077,
4.476578,
22.216921,
-1.896484,
20.572564,
-7.942688,
17.387418,
-13.133090,
13.083054,
-17.150503,
8.068037,
-19.880549,
2.652352,
-21.321427,
-2.946890,
-21.474118,
-8.524483,
-20.282574,
-13.790687,
-17.661765,
-18.328459,
-13.598353,
-21.643073,
-8.264071,
-23.289744,
-2.071000,
-23.018870,
4.372890,
-20.865431,
10.396421,
-17.136527,
15.426891,
-12.303805,
19.105974,
-6.856505,
21.310046,
-1.188959,
22.076921,
4.426234,
21.490584,
9.778471,
19.595461,
14.621794,
16.391187,
18.610140,
11.909566,
21.316297,
6.325242,
22.336923,
0.028989,
21.434922,
-6.389769,
18.645985,
-12.256096,
14.291943,
-16.971024,
8.891315,
-20.147133,
3.010638,
-21.657337,
-2.870620,
-21.582299,
-8.419416,
-20.095301,
-13.415106,
-17.354397,
-17.657480,
-13.463163,
-20.884409,
-8.518525,
-22.759742,
-2.711200,
-22.950207,
3.588773,
-21.256834,
9.823479,
-17.731784,
15.336354,
-12.715159,
19.526014,
-6.766548,
21.994798,
-0.520681,
22.623295,
5.464644,
21.540601,
10.798580,
19.014492,
15.251670,
15.326049,
18.674850,
10.697197,
20.904293,
5.305445,
21.718982,
-0.632807,
20.885061,
-6.770694,
18.268430,
-12.598322,
13.954241,
-17.504601,
8.303394,
-20.915965,
1.906774,
-22.450032,
-4.548893,
-22.011309,
-10.443441,
-19.784754,
-15.340098,
-16.135702,
-19.009167,
-11.472146,
-21.362402,
-6.141458,
-22.349910,
-0.409873,
-21.889148,
5.477098,
-19.873562,
11.203172,
-16.259144,
16.327507,
-11.178674,
20.316556,
-5.013081,
22.660448,
1.631018,
23.023109,
8.039668,
21.352936,
13.556710,
17.898451,
17.721647,
13.121556,
20.321155,
7.553094,
21.341718,
1.662799,
20.863162,
-4.196560,
18.961776,
-9.755757,
15.681514,
-14.743180,
11.088501,
-18.813023,
5.372383,
-21.545431,
-1.072830,
-22.533822,
-7.648161,
-21.522419,
-13.646943,
-18.524426,
-18.414332,
-13.857071,
-21.498595,
-8.070895,
-22.726797,
-1.804627,
-22.176874,
4.365924,
-20.071892,
10.016764,
-16.660844,
14.871250,
-12.152429,
18.724066,
-6.733223,
21.354669,
-0.649491,
22.494822,
5.707838,
21.881005,
11.780256,
19.370439,
16.912925,
15.058646,
20.499647,
9.330083,
22.138411,
2.805488,
21.725555,
-3.797475,
19.446730,
-9.828934,
15.675446,
-14.823889,
10.836044,
-18.526167,
5.302121,
-20.825109,
-0.623616,
-21.657338,
-6.651993,
-20.941712,
-12.422928,
-18.592226,
-17.461090,
-14.604534,
-21.216497,
-9.164845,
-23.185812,
-2.711886,
-23.061923,
4.096013,
-20.839231,
10.507524,
-16.821563,
15.847506,
-11.528208,
19.654818,
-5.544696,
21.731528,
0.609654,
22.093400,
6.539290,
20.862782,
11.942037,
18.172152,
16.528551,
14.134820,
19.957322,
8.895694,
21.840436,
2.724505,
21.832408,
-3.914850,
19.763251,
-10.375731,
15.746700,
-15.935045,
10.202291,
-19.956219,
3.772162,
-22.037968,
-2.833298,
-22.083176,
-8.991569,
-20.262669,
-14.258726,
-16.902013,
-18.365627,
-12.356416,
-21.142947,
-6.939143,
-22.436064,
-0.933013,
-22.072678,
5.336982,
-19.911505,
11.429842,
-15.949091,
16.776247,
-10.422970,
20.756511,
-3.845242,
22.845608,
3.066016,
22.761433,
9.537406,
20.545999,
14.909902,
16.541010,
18.755047,
11.271868,
20.894302,
5.298907,
21.329690,
-0.893129,
20.139185,
-6.922699,
17.404442,
-12.461457,
13.213962,
-17.157078,
7.736019,
-20.594432,
1.310327,
-22.337134,
-5.508514,
-22.042760,
-11.999951,
-19.598640,
-17.413798,
-15.207419,
-21.140726,
-9.372939,
-22.843185,
-2.786124,
-22.491944,
3.839576,
-20.301264,
9.910173,
-16.606302,
15.013405,
-11.751824,
18.889891,
-6.048088,
21.351928,
0.194126,
22.215175,
6.586925,
21.296679,
12.611641,
18.489765,
17.641654,
13.876578,
21.052295,
7.811059,
22.377545,
0.914993,
21.443012,
-6.027387,
18.412347,
-12.238392,
13.725980,
-17.108581,
7.964115,
-20.284874,
1.701246,
-21.658199,
-4.582032,
-21.276313,
-10.501046,
-19.243882,
-15.705293,
-15.672415,
-19.811925,
-10.707578,
-22.395004,
-4.610937,
-23.056598,
2.163785,
-21.555033,
8.962126,
-17.927275,
15.015927,
-12.538495,
19.602129,
-6.025187,
22.208741,
0.849177,
22.636650,
7.363963,
20.997117,
12.964597,
17.616875,
17.295369,
12.907135,
20.148438,
7.265397,
21.380143,
1.053383,
20.859599,
-5.354392,
18.490415,
-11.500996,
14.298301,
-16.820404,
8.532877,
-20.694142,
1.716541,
-22.583166,
-5.403650,
-22.180781,
-11.996112,
-19.514863,
-17.323584,
-14.948851,
-20.886733,
-9.079832,
-22.476793,
-2.581788,
-22.128667,
3.934214,
-20.015918,
9.986189,
-16.354450,
15.201836,
-11.368961,
19.250841,
-5.333226,
21.792041,
1.353266,
22.486902,
8.116014,
21.088256,
14.235993,
17.564190,
18.969557,
12.189492,
21.716739,
5.547086,
22.166848,
-1.575290,
20.357751,
-8.355727,
16.626622,
-14.105471,
11.482638,
-18.366434,
5.467451,
-20.911089,
-0.931756,
-21.668762,
-7.287862,
-20.638423,
-13.179620,
-17.848777,
-18.135177,
-13.392031,
-21.632131,
-7.508123,
-23.178796,
-0.659941,
-22.451146,
6.461789,
-19.422064,
13.031163,
-14.415853,
18.252872,
-8.054220,
21.536209,
-1.112316,
22.605581,
5.653563,
21.506654,
11.634689,
18.518942,
16.410759,
14.029877,
19.708333,
8.438207,
21.326363,
2.129695,
21.092130,
-4.479868,
18.887288,
-10.882677,
14.736441,
-16.460427,
8.906929,
-20.548331,
1.953591,
-22.572699,
-5.334695,
-22.207634,
-12.081040,
-19.479153,
-17.505505,
-14.766347,
-21.074772,
-8.697790,
-22.560362,
-1.991110,
-21.996051,
4.692610,
-19.574909,
10.822518,
-15.551918,
15.986895,
-10.205894,
19.833057,
-3.872270,
22.019869,
2.989502,
22.233152,
9.755964,
20.272501,
15.677943,
16.169877,
20.005656,
10.273377,
22.159182,
3.239896,
21.873295,
-4.077048,
19.253379,
-10.806104,
14.720512,
-16.232407,
8.876390,
-19.900382,
2.354179,
-21.616601,
-4.279287,
-21.375830,
-10.540121,
-19.269678,
-15.982724,
-15.438412,
-20.149647,
-10.092909,
-22.573376,
-3.584962,
-22.854082,
3.531525,
-20.788164,
10.507721,
-16.485372,
16.500989,
-10.409087,
20.744603,
-3.307610,
22.720950,
3.943582,
22.266800,
10.525924,
19.570280,
15.815352,
15.070920,
19.428165,
9.318501,
21.179675,
2.859585,
21.004333,
-3.803804,
18.900457,
-10.186304,
14.939890,
-15.768279,
9.336668,
-19.982361,
2.525789,
-22.275357,
-4.811436,
-22.236562,
-11.816200,
-19.739089,
-17.607771,
-15.024400,
-21.471335,
-8.681803,
-23.003735,
-1.523283,
-22.161355,
5.596560,
-19.201533,
11.942106,
-14.558975,
16.981237,
-8.724552,
20.378456,
-2.182300,
21.931289,
4.581259,
21.511066,
11.028766,
19.058908,
16.543985,
14.647154,
20.473006,
8.569354,
22.242505,
1.395652,
21.514281,
-6.059404,
18.306855,
-12.867486,
13.023397,
-18.175496,
6.366874,
-21.380910,
-0.824130,
-22.226374,
-7.750210,
-20.785667,
-13.768737,
-17.365364,
-18.422160,
-12.383370,
-21.395160,
-6.287473,
-22.455403,
0.455859,
-21.435439,
7.320487,
-18.281368,
13.681168,
-13.146049,
18.831993,
-6.468612,
22.086520,
1.020850,
22.934169,
8.399587,
21.189184,
14.730377,
17.063364,
19.254900,
11.125510,
21.528540,
4.162602,
21.451465,
-2.997964,
19.201521,
-9.632692,
15.119575,
-15.185157,
9.613366,
-19.248238,
3.124106,
-21.509730,
-3.845502,
-21.721353,
-10.685960,
-19.730218,
-16.677700,
-15.566734,
-21.067656,
-9.539907,
-23.217111,
-2.275377,
-22.767039,
5.346870,
-19.748981,
12.350252,
-14.589311,
17.861641,
-8.002603,
21.278330,
-0.820200,
22.342594,
6.173965,
21.110120,
12.340098,
17.848855,
17.193800,
12.932595,
20.362317,
6.784564,
21.543724,
-0.113324,
20.518562,
-7.176519,
17.224438,
-13.696899,
11.857359,
-18.893438,
4.936470,
-22.042974,
-2.722234,
-22.650737,
-10.136397,
-20.590555,
-16.353679,
-16.151306,
-20.641956,
-9.966631,
-22.603765,
-2.857832,
-22.182877,
4.343031,
-19.582780,
10.921020,
-15.155160,
16.321833,
-9.320842,
20.124946,
-2.555087,
21.997800,
4.578038,
21.687137,
11.393587,
19.073653,
17.111328,
14.269148,
20.963350,
7.698976,
22.359250,
0.108367,
21.045448,
-7.537052,
17.188473,
-14.235151,
11.342409,
-19.151402,
4.312547,
-21.767915,
-3.027093,
-21.928875,
-9.889266,
-19.783913,
-15.651341,
-15.677109,
-19.851528,
-10.047069,
-22.144195,
-3.384170,
-22.272635,
3.752973,
-20.098965,
10.702658,
-15.687276,
16.704309,
-9.393266,
20.979562,
-1.896844,
22.882864,
5.865687,
22.068978,
12.866148,
18.605405,
18.193247,
12.976209,
21.229379,
5.970908,
21.733615,
-1.496711,
19.813836,
-8.567099,
15.821985,
-14.547675,
10.236316,
-18.937547,
3.588065,
-21.390771,
-3.547715,
-21.674130,
-10.523846,
-19.669563,
-16.609917,
-15.434508,
-21.046165,
-9.287453,
-23.171943,
-1.858106,
-22.590324,
5.951034,
-19.300083,
13.105111,
-13.731777,
18.641527,
-6.664196,
21.866361,
0.949358,
22.471360,
8.177011,
20.536881,
14.254683,
16.438575,
18.643265,
10.715865,
21.006483,
3.967243,
21.158584,
-3.190961,
19.038560,
-10.112237,
14.740368,
-16.101132,
8.583082,
-20.441624,
1.168234,
-22.497783,
-6.634149,
-21.864701,
-13.799409,
-18.508945,
-19.340670,
-12.830188,
-22.515615,
-5.605123,
-22.971591,
2.173704,
-20.779041,
9.504913,
-16.353703,
15.555058,
-10.315865,
19.750114,
-3.355269,
21.773590,
3.846788,
21.509553,
10.629679,
18.989617,
16.335440,
14.387434,
20.315162,
8.062790,
21.997981,
0.614755,
21.018243,
-7.114814,
17.352265,
-14.128228,
11.396495,
-19.445011,
3.936279,
-22.308890,
-3.998956,
-22.352720,
-11.346985,
-19.659403,
-17.214550,
-14.701891,
-21.002371,
-8.197846,
-22.427225,
-0.946737,
-21.465444,
6.286974,
-18.274832,
12.817546,
-13.149695,
18.028802,
-6.529473,
21.363146,
0.963726,
22.356618,
8.512534,
20.733081,
15.165766,
16.524621,
19.985891,
10.155274,
22.245345,
2.429748,
21.600721,
-5.592726,
18.175198,
-12.806744,
12.516480,
-18.279920,
5.451016,
-21.407470,
-2.102536,
-21.959273,
-9.288610,
-20.027798,
-15.394192,
-15.927801,
-19.855250,
-10.110024,
-22.233132,
-3.126910,
-22.214603,
4.355991,
-19.664964,
11.547115,
-14.719471,
17.567346,
-7.860459,
21.566487,
0.080739,
22.897481,
8.030236,
21.287235,
14.869486,
16.931733,
19.662091,
10.469624,
21.830532,
2.839516,
21.225866,
-4.924567,
18.082138,
-11.883370,
12.896911,
-17.308412,
6.303749,
-20.708172,
-1.009804,
-21.795857,
-8.325385,
-20.454071,
-14.888542,
-16.740086,
-19.927043,
-10.936504,
-22.731391,
-3.609392,
-22.795242,
4.384364,
-19.968629,
11.983561,
-14.554491,
18.102121,
-7.293478,
21.851431,
0.772810,
22.728205,
8.517077,
20.700777,
14.944275,
16.169717,
19.340602,
9.832217,
21.320100,
2.515692,
20.786095,
-4.953312,
17.860512,
-11.811903,
12.836243,
-17.368999,
6.177122,
-21.005581,
-1.454170,
-22.214451,
-9.190826,
-20.695174,
-16.028192,
-16.474704,
-20.975988,
-9.992559,
-23.261920,
-2.090990,
-22.516275,
6.113048,
-18.865219,
13.444618,
-12.895080,
18.905348,
-5.503750,
21.846987,
2.299521,
22.034778,
9.571138,
19.602647,
15.535907,
14.947510,
19.610838,
8.626046,
21.387776,
1.297318,
20.627566,
-6.287957,
17.298549,
-13.289817,
11.650181,
-18.823765,
4.274080,
-22.075888,
-3.906287,
-22.471687,
-11.751305,
-19.840371,
-18.111631,
-14.502881,
-22.063959,
-7.235826,
-23.095551,
0.886067,
-21.176386,
8.715327,
-16.705968,
15.245974,
-10.373809,
19.750604,
-3.001447,
21.817413,
4.574026,
21.313365,
11.552851,
18.328174,
17.184707,
13.147345,
20.788364,
6.266845,
21.818729,
-1.580463,
19.983937,
-9.439604,
15.371261,
-16.231166,
8.516659,
-20.932675,
0.364475,
-22.796107,
-7.892834,
-21.525333,
-15.051978,
-17.345399,
-20.135192,
-10.937663,
-22.549375,
-3.269717,
-22.128852,
4.611381,
-19.075188,
11.749503,
-13.847719,
17.371235,
-7.066039,
20.904578,
0.541091,
21.967408,
8.149470,
20.375038,
14.858605,
16.189591,
19.762416,
9.790964,
22.087868,
1.916554,
21.371805,
-6.384632,
17.610505,
-13.904894,
11.312973,
-19.508264,
3.422014,
-22.367286,
-4.879021,
-22.125631,
-12.408797,
-18.934946,
-18.198529,
-13.366855,
-21.611319,
-6.250209,
-22.358708,
1.495435,
-20.449740,
8.975335,
-16.129107,
15.371293,
-9.846811,
19.959171,
-2.262851,
22.139992,
5.748831,
21.516401,
13.147917,
18.005968,
18.857886,
11.942708,
21.965329,
4.103282,
21.930072,
-4.384321,
18.728535,
-12.243338,
12.871513,
-18.304970,
5.286327,
-21.736025,
-2.892467,
-22.166540,
-10.547274,
-19.691038,
-16.745235,
-14.770296,
-20.816215,
-8.095024,
-22.356278,
-0.472041,
-21.204185,
7.239142,
-17.437534,
14.155073,
-11.403647,
19.406273,
-3.758530,
22.223831,
4.538489,
22.079663,
12.319279,
18.841007,
18.396536,
12.872005,
21.804389,
5.022426,
22.012258,
-3.515418,
19.036381,
-11.445654,
13.411905,
-17.627205,
6.044148,
-21.269560,
-1.997546,
-22.016024,
-9.668063,
-19.916393,
-16.066486,
-15.335230,
-20.483132,
-8.856101,
-22.408999,
-1.221193,
-21.554836,
6.695380,
-17.905410,
13.917794,
-11.793610,
19.447202,
-3.944593,
22.408102,
4.565476,
22.236601,
12.462034,
18.846517,
18.511556,
12.701178,
21.778228,
4.748068,
21.813448,
-3.773033,
18.717965,
-11.586785,
13.068091,
-17.619636,
5.750075,
-21.149950,
-2.225659,
-21.848568,
-9.868540,
-19.737037,
-16.286935,
-15.118147,
-20.723026,
-8.525948,
-22.587605,
-0.707325,
-21.528970,
7.392622,
-17.533572,
14.688238,
-11.015835,
20.086397,
-2.836098,
22.685863,
5.797280,
21.988454,
13.539448,
18.044705,
19.179855,
11.471405,
21.887431,
3.325402,
21.353002,
-5.125602,
17.794281,
-12.656824,
11.844378,
-18.285768,
4.385205,
-21.373038,
-3.606625,
-21.630694,
-11.162026,
-19.082312,
-17.374146,
-14.025477,
-21.442753,
-7.021540,
-22.748105,
1.102910,
-20.965423,
9.287282,
-16.188815,
16.343389,
-9.003918,
21.145474,
-0.451631,
22.864097,
8.137159,
21.168837,
15.401612,
16.323498,
20.228181,
9.133655,
21.958118,
0.763027,
20.467863,
-7.515785,
16.118292,
-14.553024,
9.618577,
-19.473907,
1.871980,
-21.735358,
-6.143964,
-21.116898,
-13.449994,
-17.695350,
-19.116734,
-11.838981,
-22.336721,
-4.219600,
-22.540225,
4.194568,
-19.538097,
12.213171,
-13.637188,
18.589782,
-5.662970,
22.257846,
3.150442,
22.570417,
11.391080,
19.460772,
17.756944,
13.463254,
21.311514,
5.585548,
21.631752,
-2.920156,
18.819881,
-10.806640,
13.404964,
-17.026560,
6.195721,
-20.835734,
-1.853976,
-21.816351,
-9.736913,
-19.863825,
-16.453490,
-15.180515,
-21.079879,
-8.289636,
-22.876016,
-0.043793,
-21.432213,
8.419570,
