0.000000,
1.000000,
-0.195090,
0.980785,
-0.382683,
0.923880,
-0.555570,
0.831470,
-0.707107,
0.707107,
-0.831470,
0.555570,
-0.923880,
0.382683,
-0.980785,
0.195090,
-1.000000,
0.000000,
-0.980785,
-0.195090,
-0.923880,
-0.382683,
-0.831470,
-0.555570,
-0.707107,
-0.707107,
-0.555570,
-0.831470,
-0.382683,
-0.923880,
-0.195090,
-0.980785,
0.000000,
1.000000,
-0.098017,
0.995185,
-0.195090,
0.980785,
-0.290285,
0.956940,
-0.382683,
0.923880,
-0.471397,
0.881921,
-0.555570,
0.831470,
-0.634393,
0.773010,
-0.707107,
0.707107,
-0.773010,
0.634393,
-0.831470,
0.555570,
-0.881921,
0.471397,
-0.923880,
0.382683,
-0.956940,
0.290285,
-0.980785,
0.195090,
-0.995185,
0.098017,
-1.000000,
0.000000,
-0.995185,
-0.098017,
-0.980785,
-0.195090,
-0.956940,
-0.290285,
-0.923880,
-0.382683,
-0.881921,
-0.471397,
-0.831470,
-0.555570,
-0.773010,
-0.634393,
-0.707107,
-0.707107,
-0.634393,
-0.773010,
-0.555570,
-0.831470,
-0.471397,
-0.881921,
-0.382683,
-0.923880,
-0.290285,
-0.956940,
-0.195090,
-0.980785,
-0.098017,
-0.995185,
0.000000,
1.000000,
-0.049068,
0.998795,
-0.098017,
0.995185,
-0.146730,
0.989177,
-0.195090,
0.980785,
-0.242980,
0.970031,
-0.290285,
0.956940,
-0.336890,
0.941544,
-0.382683,
0.923880,
-0.427555,
0.903989,
-0.471397,
0.881921,
-0.514103,
0.857729,
-0.555570,
0.831470,
-0.595699,
0.803208,
-0.634393,
0.773010,
-0.671559,
0.740951,
-0.707107,
0.707107,
-0.740951,
0.671559,
-0.773010,
0.634393,
-0.803208,
0.595699,
-0.831470,
0.555570,
-0.857729,
0.514103,
-0.881921,
0.471397,
-0.903989,
0.427555,
-0.923880,
0.382683,
-0.941544,
0.336890,
-0.956940,
0.290285,
-0.970031,
0.242980,
-0.980785,
0.195090,
-0.989177,
0.146730,
-0.995185,
0.098017,
-0.998795,
0.049068,
-1.000000,
0.000000,
-0.998795,
-0.049068,
-0.995185,
-0.098017,
-0.989177,
-0.146730,
-0.980785,
-0.195090,
-0.970031,
-0.242980,
-0.956940,
-0.290285,
-0.941544,
-0.336890,
-0.923880,
-0.382683,
-0.903989,
-0.427555,
-0.881921,
-0.471397,
-0.857729,
-0.514103,
-0.831470,
-0.555570,
-0.803208,
-0.595699,
-0.773010,
-0.634393,
-0.740951,
-0.671559,
-0.707107,
-0.707107,
-0.671559,
-0.740951,
-0.634393,
-0.773010,
-0.595699,
-0.803208,
-0.555570,
-0.831470,
-0.514103,
-0.857729,
-0.471397,
-0.881921,
-0.427555,
-0.903989,
-0.382683,
-0.923880,
-0.336890,
-0.941544,
-0.290285,
-0.956940,
-0.242980,
-0.970031,
-0.195090,
-0.980785,
-0.146730,
-0.989177,
-0.098017,
-0.995185,
-0.049068,
-0.998795,
0.000000,
1.000000,
-0.024541,
0.999699,
-0.049068,
0.998795,
-0.073565,
0.997290,
-0.098017,
0.995185,
-0.122411,
0.992480,
-0.146730,
0.989177,
-0.170962,
0.985278,
-0.195090,
0.980785,
-0.219101,
0.975702,
-0.242980,
0.970031,
-0.266713,
0.963776,
-0.290285,
0.956940,
-0.313682,
0.949528,
-0.336890,
0.941544,
-0.359895,
0.932993,
-0.382683,
0.923880,
-0.405241,
0.914210,
-0.427555,
0.903989,
-0.449611,
0.893224,
-0.471397,
0.881921,
-0.492898,
0.870087,
-0.514103,
0.857729,
-0.534998,
0.844854,
-0.555570,
0.831470,
-0.575808,
0.817585,
-0.595699,
0.803208,
-0.615232,
0.788346,
-0.634393,
0.773010,
-0.653173,
0.757209,
-0.671559,
0.740951,
-0.689541,
0.724247,
-0.707107,
0.707107,
-0.724247,
0.689541,
-0.740951,
0.671559,
-0.757209,
0.653173,
-0.773010,
0.634393,
-0.788346,
0.615232,
-0.803208,
0.595699,
-0.817585,
0.575808,
-0.831470,
0.555570,
-0.844854,
0.534998,
-0.857729,
0.514103,
-0.870087,
0.492898,
-0.881921,
0.471397,
-0.893224,
0.449611,
-0.903989,
0.427555,
-0.914210,
0.405241,
-0.923880,
0.382683,
-0.932993,
0.359895,
-0.941544,
0.336890,
-0.949528,
0.313682,
-0.956940,
0.290285,
-0.963776,
0.266713,
-0.970031,
0.242980,
-0.975702,
0.219101,
-0.980785,
0.195090,
-0.985278,
0.170962,
-0.989177,
0.146730,
-0.992480,
0.122411,
-0.995185,
0.098017,
-0.997290,
0.073565,
-0.998795,
0.049068,
-0.999699,
0.024541,
-1.000000,
0.000000,
-0.999699,
-0.024541,
-0.998795,
-0.049068,
-0.997290,
-0.073565,
-0.995185,
-0.098017,
-0.992480,
-0.122411,
-0.989177,
-0.146730,
-0.985278,
-0.170962,
-0.980785,
-0.195090,
-0.975702,
-0.219101,
-0.970031,
-0.242980,
-0.963776,
-0.266713,
-0.956940,
-0.290285,
-0.949528,
-0.313682,
-0.941544,
-0.336890,
-0.932993,
-0.359895,
-0.923880,
-0.382683,
-0.914210,
-0.405241,
-0.903989,
-0.427555,
-0.893224,
-0.449611,
-0.881921,
-0.471397,
-0.870087,
-0.492898,
-0.857729,
-0.514103,
-0.844854,
-0.534998,
-0.831470,
-0.555570,
-0.817585,
-0.575808,
-0.803208,
-0.595699,
-0.788346,
-0.615232,
-0.773010,
-0.634393,
-0.757209,
-0.653173,
-0.740951,
-0.671559,
-0.724247,
-0.689541,
-0.707107,
-0.707107,
-0.689541,
-0.724247,
-0.671559,
-0.740951,
-0.653173,
-0.757209,
-0.634393,
-0.773010,
-0.615232,
-0.788346,
-0.595699,
-0.803208,
-0.575808,
-0.817585,
-0.555570,
-0.831470,
-0.534998,
-0.844854,
-0.514103,
-0.857729,
-0.492898,
-0.870087,
-0.471397,
-0.881921,
-0.449611,
-0.893224,
-0.427555,
-0.903989,
-0.405241,
-0.914210,
-0.382683,
-0.923880,
-0.359895,
-0.932993,
-0.336890,
-0.941544,
-0.313682,
-0.949528,
-0.290285,
-0.956940,
-0.266713,
-0.963776,
-0.242980,
-0.970031,
-0.219101,
-0.975702,
-0.195090,
-0.980785,
-0.170962,
-0.985278,
-0.146730,
-0.989177,
-0.122411,
-0.992480,
-0.098017,
-0.995185,
-0.073565,
-0.997290,
-0.049068,
-0.998795,
-0.024541,
-0.999699,
0.000000,
1.000000,
-0.012272,
0.999925,
-0.024541,
0.999699,
-0.036807,
0.999322,
-0.049068,
0.998795,
-0.061321,
0.998118,
-0.073565,
0.997290,
-0.085797,
0.996313,
-0.098017,
0.995185,
-0.110222,
0.993907,
-0.122411,
0.992480,
-0.134581,
0.990903,
-0.146730,
0.989177,
-0.158858,
0.987301,
-0.170962,
0.985278,
-0.183040,
0.983105,
-0.195090,
0.980785,
-0.207111,
0.978317,
-0.219101,
0.975702,
-0.231058,
0.972940,
-0.242980,
0.970031,
-0.254866,
0.966976,
-0.266713,
0.963776,
-0.278520,
0.960431,
-0.290285,
0.956940,
-0.302006,
0.953306,
-0.313682,
0.949528,
-0.325310,
0.945607,
-0.336890,
0.941544,
-0.348419,
0.937339,
-0.359895,
0.932993,
-0.371317,
0.928506,
-0.382683,
0.923880,
-0.393992,
0.919114,
-0.405241,
0.914210,
-0.416430,
0.909168,
-0.427555,
0.903989,
-0.438616,
0.898674,
-0.449611,
0.893224,
-0.460539,
0.887640,
-0.471397,
0.881921,
-0.482184,
0.876070,
-0.492898,
0.870087,
-0.503538,
0.863973,
-0.514103,
0.857729,
-0.524590,
0.851355,
-0.534998,
0.844854,
-0.545325,
0.838225,
-0.555570,
0.831470,
-0.565732,
0.824589,
-0.575808,
0.817585,
-0.585798,
0.810457,
-0.595699,
0.803208,
-0.605511,
0.795837,
-0.615232,
0.788346,
-0.624859,
0.780737,
-0.634393,
0.773010,
-0.643832,
0.765167,
-0.653173,
0.757209,
-0.662416,
0.749136,
-0.671559,
0.740951,
-0.680601,
0.732654,
-0.689541,
0.724247,
-0.698376,
0.715731,
-0.707107,
0.707107,
-0.715731,
0.698376,
-0.724247,
0.689541,
-0.732654,
0.680601,
-0.740951,
0.671559,
-0.749136,
0.662416,
-0.757209,
0.653173,
-0.765167,
0.643832,
-0.773010,
0.634393,
-0.780737,
0.624859,
-0.788346,
0.615232,
-0.795837,
0.605511,
-0.803208,
0.595699,
-0.810457,
0.585798,
-0.817585,
0.575808,
-0.824589,
0.565732,
-0.831470,
0.555570,
-0.838225,
0.545325,
-0.844854,
0.534998,
-0.851355,
0.524590,
-0.857729,
0.514103,
-0.863973,
0.503538,
-0.870087,
0.492898,
-0.876070,
0.482184,
-0.881921,
0.471397,
-0.887640,
0.460539,
-0.893224,
0.449611,
-0.898674,
0.438616,
-0.903989,
0.427555,
-0.909168,
0.416430,
-0.914210,
0.405241,
-0.919114,
0.393992,
-0.923880,
0.382683,
-0.928506,
0.371317,
-0.932993,
0.359895,
-0.937339,
0.348419,
-0.941544,
0.336890,
-0.945607,
0.325310,
-0.949528,
0.313682,
-0.953306,
0.302006,
-0.956940,
0.290285,
-0.960431,
0.278520,
-0.963776,
0.266713,
-0.966976,
0.254866,
-0.970031,
0.242980,
-0.972940,
0.231058,
-0.975702,
0.219101,
-0.978317,
0.207111,
-0.980785,
0.195090,
-0.983105,
0.183040,
-0.985278,
0.170962,
-0.987301,
0.158858,
-0.989177,
0.146730,
-0.990903,
0.134581,
-0.992480,
0.122411,
-0.993907,
0.110222,
-0.995185,
0.098017,
-0.996313,
0.085797,
-0.997290,
0.073565,
-0.998118,
0.061321,
-0.998795,
0.049068,
-0.999322,
0.036807,
-0.999699,
0.024541,
-0.999925,
0.012272,
-1.000000,
0.000000,
-0.999925,
-0.012272,
-0.999699,
-0.024541,
-0.999322,
-0.036807,
-0.998795,
-0.049068,
-0.998118,
-0.061321,
-0.997290,
-0.073565,
-0.996313,
-0.085797,
-0.995185,
-0.098017,
-0.993907,
-0.110222,
-0.992480,
-0.122411,
-0.990903,
-0.134581,
-0.989177,
-0.146730,
-0.987301,
-0.158858,
-0.985278,
-0.170962,
-0.983105,
-0.183040,
-0.980785,
-0.195090,
-0.978317,
-0.207111,
-0.975702,
-0.219101,
-0.972940,
-0.231058,
-0.970031,
-0.242980,
-0.966976,
-0.254866,
-0.963776,
-0.266713,
-0.960431,
-0.278520,
-0.956940,
-0.290285,
-0.953306,
-0.302006,
-0.949528,
-0.313682,
-0.945607,
-0.325310,
-0.941544,
-0.336890,
-0.937339,
-0.348419,
-0.932993,
-0.359895,
-0.928506,
-0.371317,
-0.923880,
-0.382683,
-0.919114,
-0.393992,
-0.914210,
-0.405241,
-0.909168,
-0.416430,
-0.903989,
-0.427555,
-0.898674,
-0.438616,
-0.893224,
-0.449611,
-0.887640,
-0.460539,
-0.881921,
-0.471397,
-0.876070,
-0.482184,
-0.870087,
-0.492898,
-0.863973,
-0.503538,
-0.857729,
-0.514103,
-0.851355,
-0.524590,
-0.844854,
-0.534998,
-0.838225,
-0.545325,
-0.831470,
-0.555570,
-0.824589,
-0.565732,
-0.817585,
-0.575808,
-0.810457,
-0.585798,
-0.803208,
-0.595699,
-0.795837,
-0.605511,
-0.788346,
-0.615232,
-0.780737,
-0.624859,
-0.773010,
-0.634393,
-0.765167,
-0.643832,
-0.757209,
-0.653173,
-0.749136,
-0.662416,
-0.740951,
-0.671559,
-0.732654,
-0.680601,
-0.724247,
-0.689541,
-0.715731,
-0.698376,
-0.707107,
-0.707107,
-0.698376,
-0.715731,
-0.689541,
-0.724247,
-0.680601,
-0.732654,
-0.671559,
-0.740951,
-0.662416,
-0.749136,
-0.653173,
-0.757209,
-0.643832,
-0.765167,
-0.634393,
-0.773010,
-0.624859,
-0.780737,
-0.615232,
-0.788346,
-0.605511,
-0.795837,
-0.595699,
-0.803208,
-0.585798,
-0.810457,
-0.575808,
-0.817585,
-0.565732,
-0.824589,
-0.555570,
-0.831470,
-0.545325,
-0.838225,
-0.534998,
-0.844854,
-0.524590,
-0.851355,
-0.514103,
-0.857729,
-0.503538,
-0.863973,
-0.492898,
-0.870087,
-0.482184,
-0.876070,
-0.471397,
-0.881921,
-0.460539,
-0.887640,
-0.449611,
-0.893224,
-0.438616,
-0.898674,
-0.427555,
-0.903989,
-0.416430,
-0.909168,
-0.405241,
-0.914210,
-0.393992,
-0.919114,
-0.382683,
-0.923880,
-0.371317,
-0.928506,
-0.359895,
-0.932993,
-0.348419,
-0.937339,
-0.336890,
-0.941544,
-0.325310,
-0.945607,
-0.313682,
-0.949528,
-0.302006,
-0.953306,
-0.290285,
-0.956940,
-0.278520,
-0.960431,
-0.266713,
-0.963776,
-0.254866,
-0.966976,
-0.242980,
-0.970031,
-0.231058,
-0.972940,
-0.219101,
-0.975702,
-0.207111,
-0.978317,
-0.195090,
-0.980785,
-0.183040,
-0.983105,
-0.170962,
-0.985278,
-0.158858,
-0.987301,
-0.146730,
-0.989177,
-0.134581,
-0.990903,
-0.122411,
-0.992480,
-0.110222,
-0.993907,
-0.098017,
-0.995185,
-0.085797,
-0.996313,
-0.073565,
-0.997290,
-0.061321,
-0.998118,
-0.049068,
-0.998795,
-0.036807,
-0.999322,
-0.024541,
-0.999699,
-0.012272,
-0.999925,
0.000000,
1.000000,
-0.006136,
0.999981,
-0.012272,
0.999925,
-0.018407,
0.999831,
-0.024541,
0.999699,
-0.030675,
0.999529,
-0.036807,
0.999322,
-0.042938,
0.999078,
-0.049068,
0.998795,
-0.055195,
0.998476,
-0.061321,
0.998118,
-0.067444,
0.997723,
-0.073565,
0.997290,
-0.079682,
0.996820,
-0.085797,
0.996313,
-0.091909,
0.995767,
-0.098017,
0.995185,
-0.104122,
0.994565,
-0.110222,
0.993907,
-0.116319,
0.993212,
-0.122411,
0.992480,
-0.128498,
0.991710,
-0.134581,
0.990903,
-0.140658,
0.990058,
-0.146730,
0.989177,
-0.152797,
0.988258,
-0.158858,
0.987301,
-0.164913,
0.986308,
-0.170962,
0.985278,
-0.177004,
0.984210,
-0.183040,
0.983105,
-0.189069,
0.981964,
-0.195090,
0.980785,
-0.201105,
0.979570,
-0.207111,
0.978317,
-0.213110,
0.977028,
-0.219101,
0.975702,
-0.225084,
0.974339,
-0.231058,
0.972940,
-0.237024,
0.971504,
-0.242980,
0.970031,
-0.248928,
0.968522,
-0.254866,
0.966976,
-0.260794,
0.965394,
-0.266713,
0.963776,
-0.272621,
0.962121,
-0.278520,
0.960431,
-0.284408,
0.958703,
-0.290285,
0.956940,
-0.296151,
0.955141,
-0.302006,
0.953306,
-0.307850,
0.951435,
-0.313682,
0.949528,
-0.319502,
0.947586,
-0.325310,
0.945607,
-0.331106,
0.943593,
-0.336890,
0.941544,
-0.342661,
0.939459,
-0.348419,
0.937339,
-0.354164,
0.935184,
-0.359895,
0.932993,
-0.365613,
0.930767,
-0.371317,
0.928506,
-0.377007,
0.926210,
-0.382683,
0.923880,
-0.388345,
0.921514,
-0.393992,
0.919114,
-0.399624,
0.916679,
-0.405241,
0.914210,
-0.410843,
0.911706,
-0.416430,
0.909168,
-0.422000,
0.906596,
-0.427555,
0.903989,
-0.433094,
0.901349,
-0.438616,
0.898674,
-0.444122,
0.895966,
-0.449611,
0.893224,
-0.455084,
0.890449,
-0.460539,
0.887640,
-0.465976,
0.884797,
-0.471397,
0.881921,
-0.476799,
0.879012,
-0.482184,
0.876070,
-0.487550,
0.873095,
-0.492898,
0.870087,
-0.498228,
0.867046,
-0.503538,
0.863973,
-0.508830,
0.860867,
-0.514103,
0.857729,
-0.519356,
0.854558,
-0.524590,
0.851355,
-0.529804,
0.848120,
-0.534998,
0.844854,
-0.540171,
0.841555,
-0.545325,
0.838225,
-0.550458,
0.834863,
-0.555570,
0.831470,
-0.560662,
0.828045,
-0.565732,
0.824589,
-0.570781,
0.821103,
-0.575808,
0.817585,
-0.580814,
0.814036,
-0.585798,
0.810457,
-0.590760,
0.806848,
-0.595699,
0.803208,
-0.600616,
0.799537,
-0.605511,
0.795837,
-0.610383,
0.792107,
-0.615232,
0.788346,
-0.620057,
0.784557,
-0.624859,
0.780737,
-0.629638,
0.776888,
-0.634393,
0.773010,
-0.639124,
0.769103,
-0.643832,
0.765167,
-0.648514,
0.761202,
-0.653173,
0.757209,
-0.657807,
0.753187,
-0.662416,
0.749136,
-0.667000,
0.745058,
-0.671559,
0.740951,
-0.676093,
0.736817,
-0.680601,
0.732654,
-0.685084,
0.728464,
-0.689541,
0.724247,
-0.693971,
0.720003,
-0.698376,
0.715731,
-0.702755,
0.711432,
-0.707107,
0.707107,
-0.711432,
0.702755,
-0.715731,
0.698376,
-0.720003,
0.693971,
-0.724247,
0.689541,
-0.728464,
0.685084,
-0.732654,
0.680601,
-0.736817,
0.676093,
-0.740951,
0.671559,
-0.745058,
0.667000,
-0.749136,
0.662416,
-0.753187,
0.657807,
-0.757209,
0.653173,
-0.761202,
0.648514,
-0.765167,
0.643832,
-0.769103,
0.639124,
-0.773010,
0.634393,
-0.776888,
0.629638,
-0.780737,
0.624859,
-0.784557,
0.620057,
-0.788346,
0.615232,
-0.792107,
0.610383,
-0.795837,
0.605511,
-0.799537,
0.600616,
-0.803208,
0.595699,
-0.806848,
0.590760,
-0.810457,
0.585798,
-0.814036,
0.580814,
-0.817585,
0.575808,
-0.821103,
0.570781,
-0.824589,
0.565732,
-0.828045,
0.560662,
-0.831470,
0.555570,
-0.834863,
0.550458,
-0.838225,
0.545325,
-0.841555,
0.540171,
-0.844854,
0.534998,
-0.848120,
0.529804,
-0.851355,
0.524590,
-0.854558,
0.519356,
-0.857729,
0.514103,
-0.860867,
0.508830,
-0.863973,
0.503538,
-0.867046,
0.498228,
-0.870087,
0.492898,
-0.873095,
0.487550,
-0.876070,
0.482184,
-0.879012,
0.476799,
-0.881921,
0.471397,
-0.884797,
0.465976,
-0.887640,
0.460539,
-0.890449,
0.455084,
-0.893224,
0.449611,
-0.895966,
0.444122,
-0.898674,
0.438616,
-0.901349,
0.433094,
-0.903989,
0.427555,
-0.906596,
0.422000,
-0.909168,
0.416430,
-0.911706,
0.410843,
-0.914210,
0.405241,
-0.916679,
0.399624,
-0.919114,
0.393992,
-0.921514,
0.388345,
-0.923880,
0.382683,
-0.926210,
0.377007,
-0.928506,
0.371317,
-0.930767,
0.365613,
-0.932993,
0.359895,
-0.935184,
0.354164,
-0.937339,
0.348419,
-0.939459,
0.342661,
-0.941544,
0.336890,
-0.943593,
0.331106,
-0.945607,
0.325310,
-0.947586,
0.319502,
-0.949528,
0.313682,
-0.951435,
0.307850,
-0.953306,
0.302006,
-0.955141,
0.296151,
-0.956940,
0.290285,
-0.958703,
0.284408,
-0.960431,
0.278520,
-0.962121,
0.272621,
-0.963776,
0.266713,
-0.965394,
0.260794,
-0.966976,
0.254866,
-0.968522,
0.248928,
-0.970031,
0.242980,
-0.971504,
0.237024,
-0.972940,
0.231058,
-0.974339,
0.225084,
-0.975702,
0.219101,
-0.977028,
0.213110,
-0.978317,
0.207111,
-0.979570,
0.201105,
-0.980785,
0.195090,
-0.981964,
0.189069,
-0.983105,
0.183040,
-0.984210,
0.177004,
-0.985278,
0.170962,
-0.986308,
0.164913,
-0.987301,
0.158858,
-0.988258,
0.152797,
-0.989177,
0.146730,
-0.990058,
0.140658,
-0.990903,
0.134581,
-0.991710,
0.128498,
-0.992480,
0.122411,
-0.993212,
0.116319,
-0.993907,
0.110222,
-0.994565,
0.104122,
-0.995185,
0.098017,
-0.995767,
0.091909,
-0.996313,
0.085797,
-0.996820,
0.079682,
-0.997290,
0.073565,
-0.997723,
0.067444,
-0.998118,
0.061321,
-0.998476,
0.055195,
-0.998795,
0.049068,
-0.999078,
0.042938,
-0.999322,
0.036807,
-0.999529,
0.030675,
-0.999699,
0.024541,
-0.999831,
0.018407,
-0.999925,
0.012272,
-0.999981,
0.006136,
-1.000000,
0.000000,
-0.999981,
-0.006136,
-0.999925,
-0.012272,
-0.999831,
-0.018407,
-0.999699,
-0.024541,
-0.999529,
-0.030675,
-0.999322,
-0.036807,
-0.999078,
-0.042938,
-0.998795,
-0.049068,
-0.998476,
-0.055195,
-0.998118,
-0.061321,
-0.997723,
-0.067444,
-0.997290,
-0.073565,
-0.996820,
-0.079682,
-0.996313,
-0.085797,
-0.995767,
-0.091909,
-0.995185,
-0.098017,
-0.994565,
-0.104122,
-0.993907,
-0.110222,
-0.993212,
-0.116319,
-0.992480,
-0.122411,
-0.991710,
-0.128498,
-0.990903,
-0.134581,
-0.990058,
-0.140658,
-0.989177,
-0.146730,
-0.988258,
-0.152797,
-0.987301,
-0.158858,
-0.986308,
-0.164913,
-0.985278,
-0.170962,
-0.984210,
-0.177004,
-0.983105,
-0.183040,
-0.981964,
-0.189069,
-0.980785,
-0.195090,
-0.979570,
-0.201105,
-0.978317,
-0.207111,
-0.977028,
-0.213110,
-0.975702,
-0.219101,
-0.974339,
-0.225084,
-0.972940,
-0.231058,
-0.971504,
-0.237024,
-0.970031,
-0.242980,
-0.968522,
-0.248928,
-0.966976,
-0.254866,
-0.965394,
-0.260794,
-0.963776,
-0.266713,
-0.962121,
-0.272621,
-0.960431,
-0.278520,
-0.958703,
-0.284408,
-0.956940,
-0.290285,
-0.955141,
-0.296151,
-0.953306,
-0.302006,
-0.951435,
-0.307850,
-0.949528,
-0.313682,
-0.947586,
-0.319502,
-0.945607,
-0.325310,
-0.943593,
-0.331106,
-0.941544,
-0.336890,
-0.939459,
-0.342661,
-0.937339,
-0.348419,
-0.935184,
-0.354164,
-0.932993,
-0.359895,
-0.930767,
-0.365613,
-0.928506,
-0.371317,
-0.926210,
-0.377007,
-0.923880,
-0.382683,
-0.921514,
-0.388345,
-0.919114,
-0.393992,
-0.916679,
-0.399624,
-0.914210,
-0.405241,
-0.911706,
-0.410843,
-0.909168,
-0.416430,
-0.906596,
-0.422000,
-0.903989,
-0.427555,
-0.901349,
-0.433094,
-0.898674,
-0.438616,
-0.895966,
-0.444122,
-0.893224,
-0.449611,
-0.890449,
-0.455084,
-0.887640,
-0.460539,
-0.884797,
-0.465976,
-0.881921,
-0.471397,
-0.879012,
-0.476799,
-0.876070,
-0.482184,
-0.873095,
-0.487550,
-0.870087,
-0.492898,
-0.867046,
-0.498228,
-0.863973,
-0.503538,
-0.860867,
-0.508830,
-0.857729,
-0.514103,
-0.854558,
-0.519356,
-0.851355,
-0.524590,
-0.848120,
-0.529804,
-0.844854,
-0.534998,
-0.841555,
-0.540171,
-0.838225,
-0.545325,
-0.834863,
-0.550458,
-0.831470,
-0.555570,
-0.828045,
-0.560662,
-0.824589,
-0.565732,
-0.821103,
-0.570781,
-0.817585,
-0.575808,
-0.814036,
-0.580814,
-0.810457,
-0.585798,
-0.806848,
-0.590760,
-0.803208,
-0.595699,
-0.799537,
-0.600616,
-0.795837,
-0.605511,
-0.792107,
-0.610383,
-0.788346,
-0.615232,
-0.784557,
-0.620057,
-0.780737,
-0.624859,
-0.776888,
-0.629638,
-0.773010,
-0.634393,
-0.769103,
-0.639124,
-0.765167,
-0.643832,
-0.761202,
-0.648514,
-0.757209,
-0.653173,
-0.753187,
-0.657807,
-0.749136,
-0.662416,
-0.745058,
-0.667000,
-0.740951,
-0.671559,
-0.736817,
-0.676093,
-0.732654,
-0.680601,
-0.728464,
-0.685084,
-0.724247,
-0.689541,
-0.720003,
-0.693971,
-0.715731,
-0.698376,
-0.711432,
-0.702755,
-0.707107,
-0.707107,
-0.702755,
-0.711432,
-0.698376,
-0.715731,
-0.693971,
-0.720003,
-0.689541,
-0.724247,
-0.685084,
-0.728464,
-0.680601,
-0.732654,
-0.676093,
-0.736817,
-0.671559,
-0.740951,
-0.667000,
-0.745058,
-0.662416,
-0.749136,
-0.657807,
-0.753187,
-0.653173,
-0.757209,
-0.648514,
-0.761202,
-0.643832,
-0.765167,
-0.639124,
-0.769103,
-0.634393,
-0.773010,
-0.629638,
-0.776888,
-0.624859,
-0.780737,
-0.620057,
-0.784557,
-0.615232,
-0.788346,
-0.610383,
-0.792107,
-0.605511,
-0.795837,
-0.600616,
-0.799537,
-0.595699,
-0.803208,
-0.590760,
-0.806848,
-0.585798,
-0.810457,
-0.580814,
-0.814036,
-0.575808,
-0.817585,
-0.570781,
-0.821103,
-0.565732,
-0.824589,
-0.560662,
-0.828045,
-0.555570,
-0.831470,
-0.550458,
-0.834863,
-0.545325,
-0.838225,
-0.540171,
-0.841555,
-0.534998,
-0.844854,
-0.529804,
-0.848120,
-0.524590,
-0.851355,
-0.519356,
-0.854558,
-0.514103,
-0.857729,
-0.508830,
-0.860867,
-0.503538,
-0.863973,
-0.498228,
-0.867046,
-0.492898,
-0.870087,
-0.487550,
-0.873095,
-0.482184,
-0.876070,
-0.476799,
-0.879012,
-0.471397,
-0.881921,
-0.465976,
-0.884797,
-0.460539,
-0.887640,
-0.455084,
-0.890449,
-0.449611,
-0.893224,
-0.444122,
-0.895966,
-0.438616,
-0.898674,
-0.433094,
-0.901349,
-0.427555,
-0.903989,
-0.422000,
-0.906596,
-0.416430,
-0.909168,
-0.410843,
-0.911706,
-0.405241,
-0.914210,
-0.399624,
-0.916679,
-0.393992,
-0.919114,
-0.388345,
-0.921514,
-0.382683,
-0.923880,
-0.377007,
-0.926210,
-0.371317,
-0.928506,
-0.365613,
-0.930767,
-0.359895,
-0.932993,
-0.354164,
-0.935184,
-0.348419,
-0.937339,
-0.342661,
-0.939459,
-0.336890,
-0.941544,
-0.331106,
-0.943593,
-0.325310,
-0.945607,
-0.319502,
-0.947586,
-0.313682,
-0.949528,
-0.307850,
-0.951435,
-0.302006,
-0.953306,
-0.296151,
-0.955141,
-0.290285,
-0.956940,
-0.284408,
-0.958703,
-0.278520,
-0.960431,
-0.272621,
-0.962121,
-0.266713,
-0.963776,
-0.260794,
-0.965394,
-0.254866,
-0.966976,
-0.248928,
-0.968522,
-0.242980,
-0.970031,
-0.237024,
-0.971504,
-0.231058,
-0.972940,
-0.225084,
-0.974339,
-0.219101,
-0.975702,
-0.213110,
-0.977028,
-0.207111,
-0.978317,
-0.201105,
-0.979570,
-0.195090,
-0.980785,
-0.189069,
-0.981964,
-0.183040,
-0.983105,
-0.177004,
-0.984210,
-0.170962,
-0.985278,
-0.164913,
-0.986308,
-0.158858,
-0.987301,
-0.152797,
-0.988258,
-0.146730,
-0.989177,
-0.140658,
-0.990058,
-0.134581,
-0.990903,
-0.128498,
-0.991710,
-0.122411,
-0.992480,
-0.116319,
-0.993212,
-0.110222,
-0.993907,
-0.104122,
-0.994565,
-0.098017,
-0.995185,
-0.091909,
-0.995767,
-0.085797,
-0.996313,
-0.079682,
-0.996820,
-0.073565,
-0.997290,
-0.067444,
-0.997723,
-0.061321,
-0.998118,
-0.055195,
-0.998476,
-0.049068,
-0.998795,
-0.042938,
-0.999078,
-0.036807,
-0.999322,
-0.030675,
-0.999529,
-0.024541,
-0.999699,
-0.018407,
-0.999831,
-0.012272,
-0.999925,
-0.006136,
-0.999981,
0.000000,
1.000000,
-0.003068,
0.999995,
-0.006136,
0.999981,
-0.009204,
0.999958,
-0.012272,
0.999925,
-0.015339,
0.999882,
-0.018407,
0.999831,
-0.021474,
0.999769,
-0.024541,
0.999699,
-0.027608,
0.999619,
-0.030675,
0.999529,
-0.033741,
0.999431,
-0.036807,
0.999322,
-0.039873,
0.999205,
-0.042938,
0.999078,
-0.046003,
0.998941,
-0.049068,
0.998795,
-0.052132,
0.998640,
-0.055195,
0.998476,
-0.058258,
0.998302,
-0.061321,
0.998118,
-0.064383,
0.997925,
-0.067444,
0.997723,
-0.070505,
0.997511,
-0.073565,
0.997290,
-0.076624,
0.997060,
-0.079682,
0.996820,
-0.082740,
0.996571,
-0.085797,
0.996313,
-0.088854,
0.996045,
-0.091909,
0.995767,
-0.094963,
0.995481,
-0.098017,
0.995185,
-0.101070,
0.994879,
-0.104122,
0.994565,
-0.107172,
0.994240,
-0.110222,
0.993907,
-0.113271,
0.993564,
-0.116319,
0.993212,
-0.119365,
0.992850,
-0.122411,
0.992480,
-0.125455,
0.992099,
-0.128498,
0.991710,
-0.131540,
0.991311,
-0.134581,
0.990903,
-0.137620,
0.990485,
-0.140658,
0.990058,
-0.143695,
0.989622,
-0.146730,
0.989177,
-0.149765,
0.988722,
-0.152797,
0.988258,
-0.155828,
0.987784,
-0.158858,
0.987301,
-0.161886,
0.986809,
-0.164913,
0.986308,
-0.167938,
0.985798,
-0.170962,
0.985278,
-0.173984,
0.984749,
-0.177004,
0.984210,
-0.180023,
0.983662,
-0.183040,
0.983105,
-0.186055,
0.982539,
-0.189069,
0.981964,
-0.192080,
0.981379,
-0.195090,
0.980785,
-0.198098,
0.980182,
-0.201105,
0.979570,
-0.204109,
0.978948,
-0.207111,
0.978317,
-0.210112,
0.977677,
-0.213110,
0.977028,
-0.216107,
0.976370,
-0.219101,
0.975702,
-0.222094,
0.975025,
-0.225084,
0.974339,
-0.228072,
0.973644,
-0.231058,
0.972940,
-0.234042,
0.972226,
-0.237024,
0.971504,
-0.240003,
0.970772,
-0.242980,
0.970031,
-0.245955,
0.969281,
-0.248928,
0.968522,
-0.251898,
0.967754,
-0.254866,
0.966976,
-0.257831,
0.966190,
-0.260794,
0.965394,
-0.263755,
0.964590,
-0.266713,
0.963776,
-0.269668,
0.962953,
-0.272621,
0.962121,
-0.275572,
0.961280,
-0.278520,
0.960431,
-0.281465,
0.959572,
-0.284408,
0.958703,
-0.287347,
0.957826,
-0.290285,
0.956940,
-0.293219,
0.956045,
-0.296151,
0.955141,
-0.299080,
0.954228,
-0.302006,
0.953306,
-0.304929,
0.952375,
-0.307850,
0.951435,
-0.310767,
0.950486,
-0.313682,
0.949528,
-0.316593,
0.948561,
-0.319502,
0.947586,
-0.322408,
0.946601,
-0.325310,
0.945607,
-0.328210,
0.944605,
-0.331106,
0.943593,
-0.334000,
0.942573,
-0.336890,
0.941544,
-0.339777,
0.940506,
-0.342661,
0.939459,
-0.345541,
0.938404,
-0.348419,
0.937339,
-0.351293,
0.936266,
-0.354164,
0.935184,
-0.357031,
0.934093,
-0.359895,
0.932993,
-0.362756,
0.931884,
-0.365613,
0.930767,
-0.368467,
0.929641,
-0.371317,
0.928506,
-0.374164,
0.927363,
-0.377007,
0.926210,
-0.379847,
0.925049,
-0.382683,
0.923880,
-0.385516,
0.922701,
-0.388345,
0.921514,
-0.391170,
0.920318,
-0.393992,
0.919114,
-0.396810,
0.917901,
-0.399624,
0.916679,
-0.402435,
0.915449,
-0.405241,
0.914210,
-0.408044,
0.912962,
-0.410843,
0.911706,
-0.413638,
0.910441,
-0.416430,
0.909168,
-0.419217,
0.907886,
-0.422000,
0.906596,
-0.424780,
0.905297,
-0.427555,
0.903989,
-0.430326,
0.902673,
-0.433094,
0.901349,
-0.435857,
0.900016,
-0.438616,
0.898674,
-0.441371,
0.897325,
-0.444122,
0.895966,
-0.446869,
0.894599,
-0.449611,
0.893224,
-0.452350,
0.891841,
-0.455084,
0.890449,
-0.457813,
0.889048,
-0.460539,
0.887640,
-0.463260,
0.886223,
-0.465976,
0.884797,
-0.468689,
0.883363,
-0.471397,
0.881921,
-0.474100,
0.880471,
-0.476799,
0.879012,
-0.479494,
0.877545,
-0.482184,
0.876070,
-0.484869,
0.874587,
-0.487550,
0.873095,
-0.490226,
0.871595,
-0.492898,
0.870087,
-0.495565,
0.868571,
-0.498228,
0.867046,
-0.500885,
0.865514,
-0.503538,
0.863973,
-0.506187,
0.862424,
-0.508830,
0.860867,
-0.511469,
0.859302,
-0.514103,
0.857729,
-0.516732,
0.856147,
-0.519356,
0.854558,
-0.521975,
0.852961,
-0.524590,
0.851355,
-0.527199,
0.849742,
-0.529804,
0.848120,
-0.532403,
0.846491,
-0.534998,
0.844854,
-0.537587,
0.843208,
-0.540171,
0.841555,
-0.542751,
0.839894,
-0.545325,
0.838225,
-0.547894,
0.836548,
-0.550458,
0.834863,
-0.553017,
0.833170,
-0.555570,
0.831470,
-0.558119,
0.829761,
-0.560662,
0.828045,
-0.563199,
0.826321,
-0.565732,
0.824589,
-0.568259,
0.822850,
-0.570781,
0.821103,
-0.573297,
0.819348,
-0.575808,
0.817585,
-0.578314,
0.815814,
-0.580814,
0.814036,
-0.583309,
0.812251,
-0.585798,
0.810457,
-0.588282,
0.808656,
-0.590760,
0.806848,
-0.593232,
0.805031,
-0.595699,
0.803208,
-0.598161,
0.801376,
-0.600616,
0.799537,
-0.603067,
0.797691,
-0.605511,
0.795837,
-0.607950,
0.793975,
-0.610383,
0.792107,
-0.612810,
0.790230,
-0.615232,
0.788346,
-0.617647,
0.786455,
-0.620057,
0.784557,
-0.622461,
0.782651,
-0.624859,
0.780737,
-0.627252,
0.778817,
-0.629638,
0.776888,
-0.632019,
0.774953,
-0.634393,
0.773010,
-0.636762,
0.771061,
-0.639124,
0.769103,
-0.641481,
0.767139,
-0.643832,
0.765167,
-0.646176,
0.763188,
-0.648514,
0.761202,
-0.650847,
0.759209,
-0.653173,
0.757209,
-0.655493,
0.755201,
-0.657807,
0.753187,
-0.660114,
0.751165,
-0.662416,
0.749136,
-0.664711,
0.747101,
-0.667000,
0.745058,
-0.669283,
0.743008,
-0.671559,
0.740951,
-0.673829,
0.738887,
-0.676093,
0.736817,
-0.678350,
0.734739,
-0.680601,
0.732654,
-0.682846,
0.730563,
-0.685084,
0.728464,
-0.687315,
0.726359,
-0.689541,
0.724247,
-0.691759,
0.722128,
-0.693971,
0.720003,
-0.696177,
0.717870,
-0.698376,
0.715731,
-0.700569,
0.713585,
-0.702755,
0.711432,
-0.704934,
0.709273,
-0.707107,
0.707107,
-0.709273,
0.704934,
-0.711432,
0.702755,
-0.713585,
0.700569,
-0.715731,
0.698376,
-0.717870,
0.696177,
-0.720003,
0.693971,
-0.722128,
0.691759,
-0.724247,
0.689541,
-0.726359,
0.687315,
-0.728464,
0.685084,
-0.730563,
0.682846,
-0.732654,
0.680601,
-0.734739,
0.678350,
-0.736817,
0.676093,
-0.738887,
0.673829,
-0.740951,
0.671559,
-0.743008,
0.669283,
-0.745058,
0.667000,
-0.747101,
0.664711,
-0.749136,
0.662416,
-0.751165,
0.660114,
-0.753187,
0.657807,
-0.755201,
0.655493,
-0.757209,
0.653173,
-0.759209,
0.650847,
-0.761202,
0.648514,
-0.763188,
0.646176,
-0.765167,
0.643832,
-0.767139,
0.641481,
-0.769103,
0.639124,
-0.771061,
0.636762,
-0.773010,
0.634393,
-0.774953,
0.632019,
-0.776888,
0.629638,
-0.778817,
0.627252,
-0.780737,
0.624859,
-0.782651,
0.622461,
-0.784557,
0.620057,
-0.786455,
0.617647,
-0.788346,
0.615232,
-0.790230,
0.612810,
-0.792107,
0.610383,
-0.793975,
0.607950,
-0.795837,
0.605511,
-0.797691,
0.603067,
-0.799537,
0.600616,
-0.801376,
0.598161,
-0.803208,
0.595699,
-0.805031,
0.593232,
-0.806848,
0.590760,
-0.808656,
0.588282,
-0.810457,
0.585798,
-0.812251,
0.583309,
-0.814036,
0.580814,
-0.815814,
0.578314,
-0.817585,
0.575808,
-0.819348,
0.573297,
-0.821103,
0.570781,
-0.822850,
0.568259,
-0.824589,
0.565732,
-0.826321,
0.563199,
-0.828045,
0.560662,
-0.829761,
0.558119,
-0.831470,
0.555570,
-0.833170,
0.553017,
-0.834863,
0.550458,
-0.836548,
0.547894,
-0.838225,
0.545325,
-0.839894,
0.542751,
-0.841555,
0.540171,
-0.843208,
0.537587,
-0.844854,
0.534998,
-0.846491,
0.532403,
-0.848120,
0.529804,
-0.849742,
0.527199,
-0.851355,
0.524590,
-0.852961,
0.521975,
-0.854558,
0.519356,
-0.856147,
0.516732,
-0.857729,
0.514103,
-0.859302,
0.511469,
-0.860867,
0.508830,
-0.862424,
0.506187,
-0.863973,
0.503538,
-0.865514,
0.500885,
-0.867046,
0.498228,
-0.868571,
0.495565,
-0.870087,
0.492898,
-0.871595,
0.490226,
-0.873095,
0.487550,
-0.874587,
0.484869,
-0.876070,
0.482184,
-0.877545,
0.479494,
-0.879012,
0.476799,
-0.880471,
0.474100,
-0.881921,
0.471397,
-0.883363,
0.468689,
-0.884797,
0.465976,
-0.886223,
0.463260,
-0.887640,
0.460539,
-0.889048,
0.457813,
-0.890449,
0.455084,
-0.891841,
0.452350,
-0.893224,
0.449611,
-0.894599,
0.446869,
-0.895966,
0.444122,
-0.897325,
0.441371,
-0.898674,
0.438616,
-0.900016,
0.435857,
-0.901349,
0.433094,
-0.902673,
0.430326,
-0.903989,
0.427555,
-0.905297,
0.424780,
-0.906596,
0.422000,
-0.907886,
0.419217,
-0.909168,
0.416430,
-0.910441,
0.413638,
-0.911706,
0.410843,
-0.912962,
0.408044,
-0.914210,
0.405241,
-0.915449,
0.402435,
-0.916679,
0.399624,
-0.917901,
0.396810,
-0.919114,
0.393992,
-0.920318,
0.391170,
-0.921514,
0.388345,
-0.922701,
0.385516,
-0.923880,
0.382683,
-0.925049,
0.379847,
-0.926210,
0.377007,
-0.927363,
0.374164,
-0.928506,
0.371317,
-0.929641,
0.368467,
-0.930767,
0.365613,
-0.931884,
0.362756,
-0.932993,
0.359895,
-0.934093,
0.357031,
-0.935184,
0.354164,
-0.936266,
0.351293,
-0.937339,
0.348419,
-0.938404,
0.345541,
-0.939459,
0.342661,
-0.940506,
0.339777,
-0.941544,
0.336890,
-0.942573,
0.334000,
-0.943593,
0.331106,
-0.944605,
0.328210,
-0.945607,
0.325310,
-0.946601,
0.322408,
-0.947586,
0.319502,
-0.948561,
0.316593,
-0.949528,
0.313682,
-0.950486,
0.310767,
-0.951435,
0.307850,
-0.952375,
0.304929,
-0.953306,
0.302006,
-0.954228,
0.299080,
-0.955141,
0.296151,
-0.956045,
0.293219,
-0.956940,
0.290285,
-0.957826,
0.287347,
-0.958703,
0.284408,
-0.959572,
0.281465,
-0.960431,
0.278520,
-0.961280,
0.275572,
-0.962121,
0.272621,
-0.962953,
0.269668,
-0.963776,
0.266713,
-0.964590,
0.263755,
-0.965394,
0.260794,
-0.966190,
0.257831,
-0.966976,
0.254866,
-0.967754,
0.251898,
-0.968522,
0.248928,
-0.969281,
0.245955,
-0.970031,
0.242980,
-0.970772,
0.240003,
-0.971504,
0.237024,
-0.972226,
0.234042,
-0.972940,
0.231058,
-0.973644,
0.228072,
-0.974339,
0.225084,
-0.975025,
0.222094,
-0.975702,
0.219101,
-0.976370,
0.216107,
-0.977028,
0.213110,
-0.977677,
0.210112,
-0.978317,
0.207111,
-0.978948,
0.204109,
-0.979570,
0.201105,
-0.980182,
0.198098,
-0.980785,
0.195090,
-0.981379,
0.192080,
-0.981964,
0.189069,
-0.982539,
0.186055,
-0.983105,
0.183040,
-0.983662,
0.180023,
-0.984210,
0.177004,
-0.984749,
0.173984,
-0.985278,
0.170962,
-0.985798,
0.167938,
-0.986308,
0.164913,
-0.986809,
0.161886,
-0.987301,
0.158858,
-0.987784,
0.155828,
-0.988258,
0.152797,
-0.988722,
0.149765,
-0.989177,
0.146730,
-0.989622,
0.143695,
-0.990058,
0.140658,
-0.990485,
0.137620,
-0.990903,
0.134581,
-0.991311,
0.131540,
-0.991710,
0.128498,
-0.992099,
0.125455,
-0.992480,
0.122411,
-0.992850,
0.119365,
-0.993212,
0.116319,
-0.993564,
0.113271,
-0.993907,
0.110222,
-0.994240,
0.107172,
-0.994565,
0.104122,
-0.994879,
0.101070,
-0.995185,
0.098017,
-0.995481,
0.094963,
-0.995767,
0.091909,
-0.996045,
0.088854,
-0.996313,
0.085797,
-0.996571,
0.082740,
-0.996820,
0.079682,
-0.997060,
0.076624,
-0.997290,
0.073565,
-0.997511,
0.070505,
-0.997723,
0.067444,
-0.997925,
0.064383,
-0.998118,
0.061321,
-0.998302,
0.058258,
-0.998476,
0.055195,
-0.998640,
0.052132,
-0.998795,
0.049068,
-0.998941,
0.046003,
-0.999078,
0.042938,
-0.999205,
0.039873,
-0.999322,
0.036807,
-0.999431,
0.033741,
-0.999529,
0.030675,
-0.999619,
0.027608,
-0.999699,
0.024541,
-0.999769,
0.021474,
-0.999831,
0.018407,
-0.999882,
0.015339,
-0.999925,
0.012272,
-0.999958,
0.009204,
-0.999981,
0.006136,
-0.999995,
0.003068,
-1.000000,
0.000000,
-0.999995,
-0.003068,
-0.999981,
-0.006136,
-0.999958,
-0.009204,
-0.999925,
-0.012272,
-0.999882,
-0.015339,
-0.999831,
-0.018407,
-0.999769,
-0.021474,
-0.999699,
-0.024541,
-0.999619,
-0.027608,
-0.999529,
-0.030675,
-0.999431,
-0.033741,
-0.999322,
-0.036807,
-0.999205,
-0.039873,
-0.999078,
-0.042938,
-0.998941,
-0.046003,
-0.998795,
-0.049068,
-0.998640,
-0.052132,
-0.998476,
-0.055195,
-0.998302,
-0.058258,
-0.998118,
-0.061321,
-0.997925,
-0.064383,
-0.997723,
-0.067444,
-0.997511,
-0.070505,
-0.997290,
-0.073565,
-0.997060,
-0.076624,
-0.996820,
-0.079682,
-0.996571,
-0.082740,
-0.996313,
-0.085797,
-0.996045,
-0.088854,
-0.995767,
-0.091909,
-0.995481,
-0.094963,
-0.995185,
-0.098017,
-0.994879,
-0.101070,
-0.994565,
-0.104122,
-0.994240,
-0.107172,
-0.993907,
-0.110222,
-0.993564,
-0.113271,
-0.993212,
-0.116319,
-0.992850,
-0.119365,
-0.992480,
-0.122411,
-0.992099,
-0.125455,
-0.991710,
-0.128498,
-0.991311,
-0.131540,
-0.990903,
-0.134581,
-0.990485,
-0.137620,
-0.990058,
-0.140658,
-0.989622,
-0.143695,
-0.989177,
-0.146730,
-0.988722,
-0.149765,
-0.988258,
-0.152797,
-0.987784,
-0.155828,
-0.987301,
-0.158858,
-0.986809,
-0.161886,
-0.986308,
-0.164913,
-0.985798,
-0.167938,
-0.985278,
-0.170962,
-0.984749,
-0.173984,
-0.984210,
-0.177004,
-0.983662,
-0.180023,
-0.983105,
-0.183040,
-0.982539,
-0.186055,
-0.981964,
-0.189069,
-0.981379,
-0.192080,
-0.980785,
-0.195090,
-0.980182,
-0.198098,
-0.979570,
-0.201105,
-0.978948,
-0.204109,
-0.978317,
-0.207111,
-0.977677,
-0.210112,
-0.977028,
-0.213110,
-0.976370,
-0.216107,
-0.975702,
-0.219101,
-0.975025,
-0.222094,
-0.974339,
-0.225084,
-0.973644,
-0.228072,
-0.972940,
-0.231058,
-0.972226,
-0.234042,
-0.971504,
-0.237024,
-0.970772,
-0.240003,
-0.970031,
-0.242980,
-0.969281,
-0.245955,
-0.968522,
-0.248928,
-0.967754,
-0.251898,
-0.966976,
-0.254866,
-0.966190,
-0.257831,
-0.965394,
-0.260794,
-0.964590,
-0.263755,
-0.963776,
-0.266713,
-0.962953,
-0.269668,
-0.962121,
-0.272621,
-0.961280,
-0.275572,
-0.960431,
-0.278520,
-0.959572,
-0.281465,
-0.958703,
-0.284408,
-0.957826,
-0.287347,
-0.956940,
-0.290285,
-0.956045,
-0.293219,
-0.955141,
-0.296151,
-0.954228,
-0.299080,
-0.953306,
-0.302006,
-0.952375,
-0.304929,
-0.951435,
-0.307850,
-0.950486,
-0.310767,
-0.949528,
-0.313682,
-0.948561,
-0.316593,
-0.947586,
-0.319502,
-0.946601,
-0.322408,
-0.945607,
-0.325310,
-0.944605,
-0.328210,
-0.943593,
-0.331106,
-0.942573,
-0.334000,
-0.941544,
-0.336890,
-0.940506,
-0.339777,
-0.939459,
-0.342661,
-0.938404,
-0.345541,
-0.937339,
-0.348419,
-0.936266,
-0.351293,
-0.935184,
-0.354164,
-0.934093,
-0.357031,
-0.932993,
-0.359895,
-0.931884,
-0.362756,
-0.930767,
-0.365613,
-0.929641,
-0.368467,
-0.928506,
-0.371317,
-0.927363,
-0.374164,
-0.926210,
-0.377007,
-0.925049,
-0.379847,
-0.923880,
-0.382683,
-0.922701,
-0.385516,
-0.921514,
-0.388345,
-0.920318,
-0.391170,
-0.919114,
-0.393992,
-0.917901,
-0.396810,
-0.916679,
-0.399624,
-0.915449,
-0.402435,
-0.914210,
-0.405241,
-0.912962,
-0.408044,
-0.911706,
-0.410843,
-0.910441,
-0.413638,
-0.909168,
-0.416430,
-0.907886,
-0.419217,
-0.906596,
-0.422000,
-0.905297,
-0.424780,
-0.903989,
-0.427555,
-0.902673,
-0.430326,
-0.901349,
-0.433094,
-0.900016,
-0.435857,
-0.898674,
-0.438616,
-0.897325,
-0.441371,
-0.895966,
-0.444122,
-0.894599,
-0.446869,
-0.893224,
-0.449611,
-0.891841,
-0.452350,
-0.890449,
-0.455084,
-0.889048,
-0.457813,
-0.887640,
-0.460539,
-0.886223,
-0.463260,
-0.884797,
-0.465976,
-0.883363,
-0.468689,
-0.881921,
-0.471397,
-0.880471,
-0.474100,
-0.879012,
-0.476799,
-0.877545,
-0.479494,
-0.876070,
-0.482184,
-0.874587,
-0.484869,
-0.873095,
-0.487550,
-0.871595,
-0.490226,
-0.870087,
-0.492898,
-0.868571,
-0.495565,
-0.867046,
-0.498228,
-0.865514,
-0.500885,
-0.863973,
-0.503538,
-0.862424,
-0.506187,
-0.860867,
-0.508830,
-0.859302,
-0.511469,
-0.857729,
-0.514103,
-0.856147,
-0.516732,
-0.854558,
-0.519356,
-0.852961,
-0.521975,
-0.851355,
-0.524590,
-0.849742,
-0.527199,
-0.848120,
-0.529804,
-0.846491,
-0.532403,
-0.844854,
-0.534998,
-0.843208,
-0.537587,
-0.841555,
-0.540171,
-0.839894,
-0.542751,
-0.838225,
-0.545325,
-0.836548,
-0.547894,
-0.834863,
-0.550458,
-0.833170,
-0.553017,
-0.831470,
-0.555570,
-0.829761,
-0.558119,
-0.828045,
-0.560662,
-0.826321,
-0.563199,
-0.824589,
-0.565732,
-0.822850,
-0.568259,
-0.821103,
-0.570781,
-0.819348,
-0.573297,
-0.817585,
-0.575808,
-0.815814,
-0.578314,
-0.814036,
-0.580814,
-0.812251,
-0.583309,
-0.810457,
-0.585798,
-0.808656,
-0.588282,
-0.806848,
-0.590760,
-0.805031,
-0.593232,
-0.803208,
-0.595699,
-0.801376,
-0.598161,
-0.799537,
-0.600616,
-0.797691,
-0.603067,
-0.795837,
-0.605511,
-0.793975,
-0.607950,
-0.792107,
-0.610383,
-0.790230,
-0.612810,
-0.788346,
-0.615232,
-0.786455,
-0.617647,
-0.784557,
-0.620057,
-0.782651,
-0.622461,
-0.780737,
-0.624859,
-0.778817,
-0.627252,
-0.776888,
-0.629638,
-0.774953,
-0.632019,
-0.773010,
-0.634393,
-0.771061,
-0.636762,
-0.769103,
-0.639124,
-0.767139,
-0.641481,
-0.765167,
-0.643832,
-0.763188,
-0.646176,
-0.761202,
-0.648514,
-0.759209,
-0.650847,
-0.757209,
-0.653173,
-0.755201,
-0.655493,
-0.753187,
-0.657807,
-0.751165,
-0.660114,
-0.749136,
-0.662416,
-0.747101,
-0.664711,
-0.745058,
-0.667000,
-0.743008,
-0.669283,
-0.740951,
-0.671559,
-0.738887,
-0.673829,
-0.736817,
-0.676093,
-0.734739,
-0.678350,
-0.732654,
-0.680601,
-0.730563,
-0.682846,
-0.728464,
-0.685084,
-0.726359,
-0.687315,
-0.724247,
-0.689541,
-0.722128,
-0.691759,
-0.720003,
-0.693971,
-0.717870,
-0.696177,
-0.715731,
-0.698376,
-0.713585,
-0.700569,
-0.711432,
-0.702755,
-0.709273,
-0.704934,
-0.707107,
-0.707107,
-0.704934,
-0.709273,
-0.702755,
-0.711432,
-0.700569,
-0.713585,
-0.698376,
-0.715731,
-0.696177,
-0.717870,
-0.693971,
-0.720003,
-0.691759,
-0.722128,
-0.689541,
-0.724247,
-0.687315,
-0.726359,
-0.685084,
-0.728464,
-0.682846,
-0.730563,
-0.680601,
-0.732654,
-0.678350,
-0.734739,
-0.676093,
-0.736817,
-0.673829,
-0.738887,
-0.671559,
-0.740951,
-0.669283,
-0.743008,
-0.667000,
-0.745058,
-0.664711,
-0.747101,
-0.662416,
-0.749136,
-0.660114,
-0.751165,
-0.657807,
-0.753187,
-0.655493,
-0.755201,
-0.653173,
-0.757209,
-0.650847,
-0.759209,
-0.648514,
-0.761202,
-0.646176,
-0.763188,
-0.643832,
-0.765167,
-0.641481,
-0.767139,
-0.639124,
-0.769103,
-0.636762,
-0.771061,
-0.634393,
-0.773010,
-0.632019,
-0.774953,
-0.629638,
-0.776888,
-0.627252,
-0.778817,
-0.624859,
-0.780737,
-0.622461,
-0.782651,
-0.620057,
-0.784557,
-0.617647,
-0.786455,
-0.615232,
-0.788346,
-0.612810,
-0.790230,
-0.610383,
-0.792107,
-0.607950,
-0.793975,
-0.605511,
-0.795837,
-0.603067,
-0.797691,
-0.600616,
-0.799537,
-0.598161,
-0.801376,
-0.595699,
-0.803208,
-0.593232,
-0.805031,
-0.590760,
-0.806848,
-0.588282,
-0.808656,
-0.585798,
-0.810457,
-0.583309,
-0.812251,
-0.580814,
-0.814036,
-0.578314,
-0.815814,
-0.575808,
-0.817585,
-0.573297,
-0.819348,
-0.570781,
-0.821103,
-0.568259,
-0.822850,
-0.565732,
-0.824589,
-0.563199,
-0.826321,
-0.560662,
-0.828045,
-0.558119,
-0.829761,
-0.555570,
-0.831470,
-0.553017,
-0.833170,
-0.550458,
-0.834863,
-0.547894,
-0.836548,
-0.545325,
-0.838225,
-0.542751,
-0.839894,
-0.540171,
-0.841555,
-0.537587,
-0.843208,
-0.534998,
-0.844854,
-0.532403,
-0.846491,
-0.529804,
-0.848120,
-0.527199,
-0.849742,
-0.524590,
-0.851355,
-0.521975,
-0.852961,
-0.519356,
-0.854558,
-0.516732,
-0.856147,
-0.514103,
-0.857729,
-0.511469,
-0.859302,
-0.508830,
-0.860867,
-0.506187,
-0.862424,
-0.503538,
-0.863973,
-0.500885,
-0.865514,
-0.498228,
-0.867046,
-0.495565,
-0.868571,
-0.492898,
-0.870087,
-0.490226,
-0.871595,
-0.487550,
-0.873095,
-0.484869,
-0.874587,
-0.482184,
-0.876070,
-0.479494,
-0.877545,
-0.476799,
-0.879012,
-0.474100,
-0.880471,
-0.471397,
-0.881921,
-0.468689,
-0.883363,
-0.465976,
-0.884797,
-0.463260,
-0.886223,
-0.460539,
-0.887640,
-0.457813,
-0.889048,
-0.455084,
-0.890449,
-0.452350,
-0.891841,
-0.449611,
-0.893224,
-0.446869,
-0.894599,
-0.444122,
-0.895966,
-0.441371,
-0.897325,
-0.438616,
-0.898674,
-0.435857,
-0.900016,
-0.433094,
-0.901349,
-0.430326,
-0.902673,
-0.427555,
-0.903989,
-0.424780,
-0.905297,
-0.422000,
-0.906596,
-0.419217,
-0.907886,
-0.416430,
-0.909168,
-0.413638,
-0.910441,
-0.410843,
-0.911706,
-0.408044,
-0.912962,
-0.405241,
-0.914210,
-0.402435,
-0.915449,
-0.399624,
-0.916679,
-0.396810,
-0.917901,
-0.393992,
-0.919114,
-0.391170,
-0.920318,
-0.388345,
-0.921514,
-0.385516,
-0.922701,
-0.382683,
-0.923880,
-0.379847,
-0.925049,
-0.377007,
-0.926210,
-0.374164,
-0.927363,
-0.371317,
-0.928506,
-0.368467,
-0.929641,
-0.365613,
-0.930767,
-0.362756,
-0.931884,
-0.359895,
-0.932993,
-0.357031,
-0.934093,
-0.354164,
-0.935184,
-0.351293,
-0.936266,
-0.348419,
-0.937339,
-0.345541,
-0.938404,
-0.342661,
-0.939459,
-0.339777,
-0.940506,
-0.336890,
-0.941544,
-0.334000,
-0.942573,
-0.331106,
-0.943593,
-0.328210,
-0.944605,
-0.325310,
-0.945607,
-0.322408,
-0.946601,
-0.319502,
-0.947586,
-0.316593,
-0.948561,
-0.313682,
-0.949528,
-0.310767,
-0.950486,
-0.307850,
-0.951435,
-0.304929,
-0.952375,
-0.302006,
-0.953306,
-0.299080,
-0.954228,
-0.296151,
-0.955141,
-0.293219,
-0.956045,
-0.290285,
-0.956940,
-0.287347,
-0.957826,
-0.284408,
-0.958703,
-0.281465,
-0.959572,
-0.278520,
-0.960431,
-0.275572,
-0.961280,
-0.272621,
-0.962121,
-0.269668,
-0.962953,
-0.266713,
-0.963776,
-0.263755,
-0.964590,
-0.260794,
-0.965394,
-0.257831,
-0.966190,
-0.254866,
-0.966976,
-0.251898,
-0.967754,
-0.248928,
-0.968522,
-0.245955,
-0.969281,
-0.242980,
-0.970031,
-0.240003,
-0.970772,
-0.237024,
-0.971504,
-0.234042,
-0.972226,
-0.231058,
-0.972940,
-0.228072,
-0.973644,
-0.225084,
-0.974339,
-0.222094,
-0.975025,
-0.219101,
-0.975702,
-0.216107,
-0.976370,
-0.213110,
-0.977028,
-0.210112,
-0.977677,
-0.207111,
-0.978317,
-0.204109,
-0.978948,
-0.201105,
-0.979570,
-0.198098,
-0.980182,
-0.195090,
-0.980785,
-0.192080,
-0.981379,
-0.189069,
-0.981964,
-0.186055,
-0.982539,
-0.183040,
-0.983105,
-0.180023,
-0.983662,
-0.177004,
-0.984210,
-0.173984,
-0.984749,
-0.170962,
-0.985278,
-0.167938,
-0.985798,
-0.164913,
-0.986308,
-0.161886,
-0.986809,
-0.158858,
-0.987301,
-0.155828,
-0.987784,
-0.152797,
-0.988258,
-0.149765,
-0.988722,
-0.146730,
-0.989177,
-0.143695,
-0.989622,
-0.140658,
-0.990058,
-0.137620,
-0.990485,
-0.134581,
-0.990903,
-0.131540,
-0.991311,
-0.128498,
-0.991710,
-0.125455,
-0.992099,
-0.122411,
-0.992480,
-0.119365,
-0.992850,
-0.116319,
-0.993212,
-0.113271,
-0.993564,
-0.110222,
-0.993907,
-0.107172,
-0.994240,
-0.104122,
-0.994565,
-0.101070,
-0.994879,
-0.098017,
-0.995185,
-0.094963,
-0.995481,
-0.091909,
-0.995767,
-0.088854,
-0.996045,
-0.085797,
-0.996313,
-0.082740,
-0.996571,
-0.079682,
-0.996820,
-0.076624,
-0.997060,
-0.073565,
-0.997290,
-0.070505,
-0.997511,
-0.067444,
-0.997723,
-0.064383,
-0.997925,
-0.061321,
-0.998118,
-0.058258,
-0.998302,
-0.055195,
-0.998476,
-0.052132,
-0.998640,
-0.049068,
-0.998795,
-0.046003,
-0.998941,
-0.042938,
-0.999078,
-0.039873,
-0.999205,
-0.036807,
-0.999322,
-0.033741,
-0.999431,
-0.030675,
-0.999529,
-0.027608,
-0.999619,
-0.024541,
-0.999699,
-0.021474,
-0.999769,
-0.018407,
-0.999831,
-0.015339,
-0.999882,
-0.012272,
-0.999925,
-0.009204,
-0.999958,
-0.006136,
-0.999981,
-0.003068,
-0.999995,
0.000000,
1.000000,
-0.001534,
0.999999,
-0.003068,
0.999995,
-0.004602,
0.999989,
-0.006136,
0.999981,
-0.007670,
0.999971,
-0.009204,
0.999958,
-0.010738,
0.999942,
-0.012272,
0.999925,
-0.013805,
0.999905,
-0.015339,
0.999882,
-0.016873,
0.999858,
-0.018407,
0.999831,
-0.019940,
0.999801,
-0.021474,
0.999769,
-0.023008,
0.999735,
-0.024541,
0.999699,
-0.026075,
0.999660,
-0.027608,
0.999619,
-0.029142,
0.999575,
-0.030675,
0.999529,
-0.032208,
0.999481,
-0.033741,
0.999431,
-0.035274,
0.999378,
-0.036807,
0.999322,
-0.038340,
0.999265,
-0.039873,
0.999205,
-0.041406,
0.999142,
-0.042938,
0.999078,
-0.044471,
0.999011,
-0.046003,
0.998941,
-0.047535,
0.998870,
-0.049068,
0.998795,
-0.050600,
0.998719,
-0.052132,
0.998640,
-0.053664,
0.998559,
-0.055195,
0.998476,
-0.056727,
0.998390,
-0.058258,
0.998302,
-0.059790,
0.998211,
-0.061321,
0.998118,
-0.062852,
0.998023,
-0.064383,
0.997925,
-0.065913,
0.997825,
-0.067444,
0.997723,
-0.068974,
0.997618,
-0.070505,
0.997511,
-0.072035,
0.997402,
-0.073565,
0.997290,
-0.075094,
0.997176,
-0.076624,
0.997060,
-0.078153,
0.996941,
-0.079682,
0.996820,
-0.081211,
0.996697,
-0.082740,
0.996571,
-0.084269,
0.996443,
-0.085797,
0.996313,
-0.087326,
0.996180,
-0.088854,
0.996045,
-0.090381,
0.995907,
-0.091909,
0.995767,
-0.093436,
0.995625,
-0.094963,
0.995481,
-0.096490,
0.995334,
-0.098017,
0.995185,
-0.099544,
0.995033,
-0.101070,
0.994879,
-0.102596,
0.994723,
-0.104122,
0.994565,
-0.105647,
0.994404,
-0.107172,
0.994240,
-0.108697,
0.994075,
-0.110222,
0.993907,
-0.111747,
0.993737,
-0.113271,
0.993564,
-0.114795,
0.993389,
-0.116319,
0.993212,
-0.117842,
0.993032,
-0.119365,
0.992850,
-0.120888,
0.992666,
-0.122411,
0.992480,
-0.123933,
0.992291,
-0.125455,
0.992099,
-0.126977,
0.991906,
-0.128498,
0.991710,
-0.130019,
0.991511,
-0.131540,
0.991311,
-0.133061,
0.991108,
-0.134581,
0.990903,
-0.136101,
0.990695,
-0.137620,
0.990485,
-0.139139,
0.990273,
-0.140658,
0.990058,
-0.142177,
0.989841,
-0.143695,
0.989622,
-0.145213,
0.989400,
-0.146730,
0.989177,
-0.148248,
0.988950,
-0.149765,
0.988722,
-0.151281,
0.988491,
-0.152797,
0.988258,
-0.154313,
0.988022,
-0.155828,
0.987784,
-0.157343,
0.987544,
-0.158858,
0.987301,
-0.160372,
0.987057,
-0.161886,
0.986809,
-0.163400,
0.986560,
-0.164913,
0.986308,
-0.166426,
0.986054,
-0.167938,
0.985798,
-0.169450,
0.985539,
-0.170962,
0.985278,
-0.172473,
0.985014,
-0.173984,
0.984749,
-0.175494,
0.984480,
-0.177004,
0.984210,
-0.178514,
0.983937,
-0.180023,
0.983662,
-0.181532,
0.983385,
-0.183040,
0.983105,
-0.184548,
0.982824,
-0.186055,
0.982539,
-0.187562,
0.982253,
-0.189069,
0.981964,
-0.190575,
0.981673,
-0.192080,
0.981379,
-0.193586,
0.981083,
-0.195090,
0.980785,
-0.196595,
0.980485,
-0.198098,
0.980182,
-0.199602,
0.979877,
-0.201105,
0.979570,
-0.202607,
0.979260,
-0.204109,
0.978948,
-0.205610,
0.978634,
-0.207111,
0.978317,
-0.208612,
0.977999,
-0.210112,
0.977677,
-0.211611,
0.977354,
-0.213110,
0.977028,
-0.214609,
0.976700,
-0.216107,
0.976370,
-0.217604,
0.976037,
-0.219101,
0.975702,
-0.220598,
0.975365,
-0.222094,
0.975025,
-0.223589,
0.974684,
-0.225084,
0.974339,
-0.226578,
0.973993,
-0.228072,
0.973644,
-0.229565,
0.973293,
-0.231058,
0.972940,
-0.232550,
0.972584,
-0.234042,
0.972226,
-0.235533,
0.971866,
-0.237024,
0.971504,
-0.238514,
0.971139,
-0.240003,
0.970772,
-0.241492,
0.970403,
-0.242980,
0.970031,
-0.244468,
0.969657,
-0.245955,
0.969281,
-0.247442,
0.968903,
-0.248928,
0.968522,
-0.250413,
0.968139,
-0.251898,
0.967754,
-0.253382,
0.967366,
-0.254866,
0.966976,
-0.256349,
0.966584,
-0.257831,
0.966190,
-0.259313,
0.965793,
-0.260794,
0.965394,
-0.262275,
0.964993,
-0.263755,
0.964590,
-0.265234,
0.964184,
-0.266713,
0.963776,
-0.268191,
0.963366,
-0.269668,
0.962953,
-0.271145,
0.962538,
-0.272621,
0.962121,
-0.274097,
0.961702,
-0.275572,
0.961280,
-0.277046,
0.960857,
-0.278520,
0.960431,
-0.279993,
0.960002,
-0.281465,
0.959572,
-0.282937,
0.959139,
-0.284408,
0.958703,
-0.285878,
0.958266,
-0.287347,
0.957826,
-0.288816,
0.957385,
-0.290285,
0.956940,
-0.291752,
0.956494,
-0.293219,
0.956045,
-0.294685,
0.955594,
-0.296151,
0.955141,
-0.297616,
0.954686,
-0.299080,
0.954228,
-0.300543,
0.953768,
-0.302006,
0.953306,
-0.303468,
0.952842,
-0.304929,
0.952375,
-0.306390,
0.951906,
-0.307850,
0.951435,
-0.309309,
0.950962,
-0.310767,
0.950486,
-0.312225,
0.950008,
-0.313682,
0.949528,
-0.315138,
0.949046,
-0.316593,
0.948561,
-0.318048,
0.948075,
-0.319502,
0.947586,
-0.320955,
0.947094,
-0.322408,
0.946601,
-0.323859,
0.946105,
-0.325310,
0.945607,
-0.326760,
0.945107,
-0.328210,
0.944605,
-0.329658,
0.944100,
-0.331106,
0.943593,
-0.332553,
0.943084,
-0.334000,
0.942573,
-0.335445,
0.942060,
-0.336890,
0.941544,
-0.338334,
0.941026,
-0.339777,
0.940506,
-0.341219,
0.939984,
-0.342661,
0.939459,
-0.344101,
0.938932,
-0.345541,
0.938404,
-0.346980,
0.937872,
-0.348419,
0.937339,
-0.349856,
0.936803,
-0.351293,
0.936266,
-0.352729,
0.935726,
-0.354164,
0.935184,
-0.355598,
0.934639,
-0.357031,
0.934093,
-0.358463,
0.933544,
-0.359895,
0.932993,
-0.361326,
0.932440,
-0.362756,
0.931884,
-0.364185,
0.931327,
-0.365613,
0.930767,
-0.367040,
0.930205,
-0.368467,
0.929641,
-0.369892,
0.929075,
-0.371317,
0.928506,
-0.372741,
0.927935,
-0.374164,
0.927363,
-0.375586,
0.926787,
-0.377007,
0.926210,
-0.378428,
0.925631,
-0.379847,
0.925049,
-0.381266,
0.924465,
-0.382683,
0.923880,
-0.384100,
0.923291,
-0.385516,
0.922701,
-0.386931,
0.922109,
-0.388345,
0.921514,
-0.389758,
0.920917,
-0.391170,
0.920318,
-0.392582,
0.919717,
-0.393992,
0.919114,
-0.395401,
0.918508,
-0.396810,
0.917901,
-0.398218,
0.917291,
-0.399624,
0.916679,
-0.401030,
0.916065,
-0.402435,
0.915449,
-0.403838,
0.914830,
-0.405241,
0.914210,
-0.406643,
0.913587,
-0.408044,
0.912962,
-0.409444,
0.912335,
-0.410843,
0.911706,
-0.412241,
0.911075,
-0.413638,
0.910441,
-0.415034,
0.909806,
-0.416430,
0.909168,
-0.417824,
0.908528,
-0.419217,
0.907886,
-0.420609,
0.907242,
-0.422000,
0.906596,
-0.423390,
0.905947,
-0.424780,
0.905297,
-0.426168,
0.904644,
-0.427555,
0.903989,
-0.428941,
0.903332,
-0.430326,
0.902673,
-0.431711,
0.902012,
-0.433094,
0.901349,
-0.434476,
0.900683,
-0.435857,
0.900016,
-0.437237,
0.899346,
-0.438616,
0.898674,
-0.439994,
0.898001,
-0.441371,
0.897325,
-0.442747,
0.896646,
-0.444122,
0.895966,
-0.445496,
0.895284,
-0.446869,
0.894599,
-0.448241,
0.893913,
-0.449611,
0.893224,
-0.450981,
0.892534,
-0.452350,
0.891841,
-0.453717,
0.891146,
-0.455084,
0.890449,
-0.456449,
0.889750,
-0.457813,
0.889048,
-0.459177,
0.888345,
-0.460539,
0.887640,
-0.461900,
0.886932,
-0.463260,
0.886223,
-0.464619,
0.885511,
-0.465976,
0.884797,
-0.467333,
0.884081,
-0.468689,
0.883363,
-0.470043,
0.882643,
-0.471397,
0.881921,
-0.472749,
0.881197,
-0.474100,
0.880471,
-0.475450,
0.879743,
-0.476799,
0.879012,
-0.478147,
0.878280,
-0.479494,
0.877545,
-0.480839,
0.876809,
-0.482184,
0.876070,
-0.483527,
0.875329,
-0.484869,
0.874587,
-0.486210,
0.873842,
-0.487550,
0.873095,
-0.488889,
0.872346,
-0.490226,
0.871595,
-0.491563,
0.870842,
-0.492898,
0.870087,
-0.494232,
0.869330,
-0.495565,
0.868571,
-0.496897,
0.867809,
-0.498228,
0.867046,
-0.499557,
0.866281,
-0.500885,
0.865514,
-0.502212,
0.864744,
-0.503538,
0.863973,
-0.504863,
0.863199,
-0.506187,
0.862424,
-0.507509,
0.861646,
-0.508830,
0.860867,
-0.510150,
0.860085,
-0.511469,
0.859302,
-0.512786,
0.858516,
-0.514103,
0.857729,
-0.515418,
0.856939,
-0.516732,
0.856147,
-0.518045,
0.855354,
-0.519356,
0.854558,
-0.520666,
0.853760,
-0.521975,
0.852961,
-0.523283,
0.852159,
-0.524590,
0.851355,
-0.525895,
0.850549,
-0.527199,
0.849742,
-0.528502,
0.848932,
-0.529804,
0.848120,
-0.531104,
0.847307,
-0.532403,
0.846491,
-0.533701,
0.845673,
-0.534998,
0.844854,
-0.536293,
0.844032,
-0.537587,
0.843208,
-0.538880,
0.842383,
-0.540171,
0.841555,
-0.541462,
0.840725,
-0.542751,
0.839894,
-0.544039,
0.839060,
-0.545325,
0.838225,
-0.546610,
0.837387,
-0.547894,
0.836548,
-0.549177,
0.835706,
-0.550458,
0.834863,
-0.551738,
0.834018,
-0.553017,
0.833170,
-0.554294,
0.832321,
-0.555570,
0.831470,
-0.556845,
0.830616,
-0.558119,
0.829761,
-0.559391,
0.828904,
-0.560662,
0.828045,
-0.561931,
0.827184,
-0.563199,
0.826321,
-0.564466,
0.825456,
-0.565732,
0.824589,
-0.566996,
0.823721,
-0.568259,
0.822850,
-0.569521,
0.821977,
-0.570781,
0.821103,
-0.572040,
0.820226,
-0.573297,
0.819348,
-0.574553,
0.818467,
-0.575808,
0.817585,
-0.577062,
0.816701,
-0.578314,
0.815814,
-0.579565,
0.814926,
-0.580814,
0.814036,
-0.582062,
0.813144,
-0.583309,
0.812251,
-0.584554,
0.811355,
-0.585798,
0.810457,
-0.587040,
0.809558,
-0.588282,
0.808656,
-0.589521,
0.807753,
-0.590760,
0.806848,
-0.591997,
0.805940,
-0.593232,
0.805031,
-0.594466,
0.804120,
-0.595699,
0.803208,
-0.596931,
0.802293,
-0.598161,
0.801376,
-0.599389,
0.800458,
-0.600616,
0.799537,
-0.601842,
0.798615,
-0.603067,
0.797691,
-0.604290,
0.796765,
-0.605511,
0.795837,
-0.606731,
0.794907,
-0.607950,
0.793975,
-0.609167,
0.793042,
-0.610383,
0.792107,
-0.611597,
0.791169,
-0.612810,
0.790230,
-0.614022,
0.789289,
-0.615232,
0.788346,
-0.616440,
0.787402,
-0.617647,
0.786455,
-0.618853,
0.785507,
-0.620057,
0.784557,
-0.621260,
0.783605,
-0.622461,
0.782651,
-0.623661,
0.781695,
-0.624859,
0.780737,
-0.626056,
0.779778,
-0.627252,
0.778817,
-0.628446,
0.777853,
-0.629638,
0.776888,
-0.630829,
0.775922,
-0.632019,
0.774953,
-0.633207,
0.773983,
-0.634393,
0.773010,
-0.635578,
0.772036,
-0.636762,
0.771061,
-0.637944,
0.770083,
-0.639124,
0.769103,
-0.640303,
0.768122,
-0.641481,
0.767139,
-0.642657,
0.766154,
-0.643832,
0.765167,
-0.645005,
0.764179,
-0.646176,
0.763188,
-0.647346,
0.762196,
-0.648514,
0.761202,
-0.649681,
0.760207,
-0.650847,
0.759209,
-0.652011,
0.758210,
-0.653173,
0.757209,
-0.654334,
0.756206,
-0.655493,
0.755201,
-0.656651,
0.754195,
-0.657807,
0.753187,
-0.658961,
0.752177,
-0.660114,
0.751165,
-0.661266,
0.750152,
-0.662416,
0.749136,
-0.663564,
0.748119,
-0.664711,
0.747101,
-0.665856,
0.746080,
-0.667000,
0.745058,
-0.668142,
0.744034,
-0.669283,
0.743008,
-0.670422,
0.741980,
-0.671559,
0.740951,
-0.672695,
0.739920,
-0.673829,
0.738887,
-0.674962,
0.737853,
-0.676093,
0.736817,
-0.677222,
0.735779,
-0.678350,
0.734739,
-0.679476,
0.733697,
-0.680601,
0.732654,
-0.681724,
0.731609,
-0.682846,
0.730563,
-0.683965,
0.729514,
-0.685084,
0.728464,
-0.686200,
0.727413,
-0.687315,
0.726359,
-0.688429,
0.725304,
-0.689541,
0.724247,
-0.690651,
0.723188,
-0.691759,
0.722128,
-0.692866,
0.721066,
-0.693971,
0.720003,
-0.695075,
0.718937,
-0.696177,
0.717870,
-0.697278,
0.716801,
-0.698376,
0.715731,
-0.699473,
0.714659,
-0.700569,
0.713585,
-0.701663,
0.712509,
-0.702755,
0.711432,
-0.703845,
0.710353,
-0.704934,
0.709273,
-0.706021,
0.708191,
-0.707107,
0.707107,
-0.708191,
0.706021,
-0.709273,
0.704934,
-0.710353,
0.703845,
-0.711432,
0.702755,
-0.712509,
0.701663,
-0.713585,
0.700569,
-0.714659,
0.699473,
-0.715731,
0.698376,
-0.716801,
0.697278,
-0.717870,
0.696177,
-0.718937,
0.695075,
-0.720003,
0.693971,
-0.721066,
0.692866,
-0.722128,
0.691759,
-0.723188,
0.690651,
-0.724247,
0.689541,
-0.725304,
0.688429,
-0.726359,
0.687315,
-0.727413,
0.686200,
-0.728464,
0.685084,
-0.729514,
0.683965,
-0.730563,
0.682846,
-0.731609,
0.681724,
-0.732654,
0.680601,
-0.733697,
0.679476,
-0.734739,
0.678350,
-0.735779,
0.677222,
-0.736817,
0.676093,
-0.737853,
0.674962,
-0.738887,
0.673829,
-0.739920,
0.672695,
-0.740951,
0.671559,
-0.741980,
0.670422,
-0.743008,
0.669283,
-0.744034,
0.668142,
-0.745058,
0.667000,
-0.746080,
0.665856,
-0.747101,
0.664711,
-0.748119,
0.663564,
-0.749136,
0.662416,
-0.750152,
0.661266,
-0.751165,
0.660114,
-0.752177,
0.658961,
-0.753187,
0.657807,
-0.754195,
0.656651,
-0.755201,
0.655493,
-0.756206,
0.654334,
-0.757209,
0.653173,
-0.758210,
0.652011,
-0.759209,
0.650847,
-0.760207,
0.649681,
-0.761202,
0.648514,
-0.762196,
0.647346,
-0.763188,
0.646176,
-0.764179,
0.645005,
-0.765167,
0.643832,
-0.766154,
0.642657,
-0.767139,
0.641481,
-0.768122,
0.640303,
-0.769103,
0.639124,
-0.770083,
0.637944,
-0.771061,
0.636762,
-0.772036,
0.635578,
-0.773010,
0.634393,
-0.773983,
0.633207,
-0.774953,
0.632019,
-0.775922,
0.630829,
-0.776888,
0.629638,
-0.777853,
0.628446,
-0.778817,
0.627252,
-0.779778,
0.626056,
-0.780737,
0.624859,
-0.781695,
0.623661,
-0.782651,
0.622461,
-0.783605,
0.621260,
-0.784557,
0.620057,
-0.785507,
0.618853,
-0.786455,
0.617647,
-0.787402,
0.616440,
-0.788346,
0.615232,
-0.789289,
0.614022,
-0.790230,
0.612810,
-0.791169,
0.611597,
-0.792107,
0.610383,
-0.793042,
0.609167,
-0.793975,
0.607950,
-0.794907,
0.606731,
-0.795837,
0.605511,
-0.796765,
0.604290,
-0.797691,
0.603067,
-0.798615,
0.601842,
-0.799537,
0.600616,
-0.800458,
0.599389,
-0.801376,
0.598161,
-0.802293,
0.596931,
-0.803208,
0.595699,
-0.804120,
0.594466,
-0.805031,
0.593232,
-0.805940,
0.591997,
-0.806848,
0.590760,
-0.807753,
0.589521,
-0.808656,
0.588282,
-0.809558,
0.587040,
-0.810457,
0.585798,
-0.811355,
0.584554,
-0.812251,
0.583309,
-0.813144,
0.582062,
-0.814036,
0.580814,
-0.814926,
0.579565,
-0.815814,
0.578314,
-0.816701,
0.577062,
-0.817585,
0.575808,
-0.818467,
0.574553,
-0.819348,
0.573297,
-0.820226,
0.572040,
-0.821103,
0.570781,
-0.821977,
0.569521,
-0.822850,
0.568259,
-0.823721,
0.566996,
-0.824589,
0.565732,
-0.825456,
0.564466,
-0.826321,
0.563199,
-0.827184,
0.561931,
-0.828045,
0.560662,
-0.828904,
0.559391,
-0.829761,
0.558119,
-0.830616,
0.556845,
-0.831470,
0.555570,
-0.832321,
0.554294,
-0.833170,
0.553017,
-0.834018,
0.551738,
-0.834863,
0.550458,
-0.835706,
0.549177,
-0.836548,
0.547894,
-0.837387,
0.546610,
-0.838225,
0.545325,
-0.839060,
0.544039,
-0.839894,
0.542751,
-0.840725,
0.541462,
-0.841555,
0.540171,
-0.842383,
0.538880,
-0.843208,
0.537587,
-0.844032,
0.536293,
-0.844854,
0.534998,
-0.845673,
0.533701,
-0.846491,
0.532403,
-0.847307,
0.531104,
-0.848120,
0.529804,
-0.848932,
0.528502,
-0.849742,
0.527199,
-0.850549,
0.525895,
-0.851355,
0.524590,
-0.852159,
0.523283,
-0.852961,
0.521975,
-0.853760,
0.520666,
-0.854558,
0.519356,
-0.855354,
0.518045,
-0.856147,
0.516732,
-0.856939,
0.515418,
-0.857729,
0.514103,
-0.858516,
0.512786,
-0.859302,
0.511469,
-0.860085,
0.510150,
-0.860867,
0.508830,
-0.861646,
0.507509,
-0.862424,
0.506187,
-0.863199,
0.504863,
-0.863973,
0.503538,
-0.864744,
0.502212,
-0.865514,
0.500885,
-0.866281,
0.499557,
-0.867046,
0.498228,
-0.867809,
0.496897,
-0.868571,
0.495565,
-0.869330,
0.494232,
-0.870087,
0.492898,
-0.870842,
0.491563,
-0.871595,
0.490226,
-0.872346,
0.488889,
-0.873095,
0.487550,
-0.873842,
0.486210,
-0.874587,
0.484869,
-0.875329,
0.483527,
-0.876070,
0.482184,
-0.876809,
0.480839,
-0.877545,
0.479494,
-0.878280,
0.478147,
-0.879012,
0.476799,
-0.879743,
0.475450,
-0.880471,
0.474100,
-0.881197,
0.472749,
-0.881921,
0.471397,
-0.882643,
0.470043,
-0.883363,
0.468689,
-0.884081,
0.467333,
-0.884797,
0.465976,
-0.885511,
0.464619,
-0.886223,
0.463260,
-0.886932,
0.461900,
-0.887640,
0.460539,
-0.888345,
0.459177,
-0.889048,
0.457813,
-0.889750,
0.456449,
-0.890449,
0.455084,
-0.891146,
0.453717,
-0.891841,
0.452350,
-0.892534,
0.450981,
-0.893224,
0.449611,
-0.893913,
0.448241,
-0.894599,
0.446869,
-0.895284,
0.445496,
-0.895966,
0.444122,
-0.896646,
0.442747,
-0.897325,
0.441371,
-0.898001,
0.439994,
-0.898674,
0.438616,
-0.899346,
0.437237,
-0.900016,
0.435857,
-0.900683,
0.434476,
-0.901349,
0.433094,
-0.902012,
0.431711,
-0.902673,
0.430326,
-0.903332,
0.428941,
-0.903989,
0.427555,
-0.904644,
0.426168,
-0.905297,
0.424780,
-0.905947,
0.423390,
-0.906596,
0.422000,
-0.907242,
0.420609,
-0.907886,
0.419217,
-0.908528,
0.417824,
-0.909168,
0.416430,
-0.909806,
0.415034,
-0.910441,
0.413638,
-0.911075,
0.412241,
-0.911706,
0.410843,
-0.912335,
0.409444,
-0.912962,
0.408044,
-0.913587,
0.406643,
-0.914210,
0.405241,
-0.914830,
0.403838,
-0.915449,
0.402435,
-0.916065,
0.401030,
-0.916679,
0.399624,
-0.917291,
0.398218,
-0.917901,
0.396810,
-0.918508,
0.395401,
-0.919114,
0.393992,
-0.919717,
0.392582,
-0.920318,
0.391170,
-0.920917,
0.389758,
-0.921514,
0.388345,
-0.922109,
0.386931,
-0.922701,
0.385516,
-0.923291,
0.384100,
-0.923880,
0.382683,
-0.924465,
0.381266,
-0.925049,
0.379847,
-0.925631,
0.378428,
-0.926210,
0.377007,
-0.926787,
0.375586,
-0.927363,
0.374164,
-0.927935,
0.372741,
-0.928506,
0.371317,
-0.929075,
0.369892,
-0.929641,
0.368467,
-0.930205,
0.367040,
-0.930767,
0.365613,
-0.931327,
0.364185,
-0.931884,
0.362756,
-0.932440,
0.361326,
-0.932993,
0.359895,
-0.933544,
0.358463,
-0.934093,
0.357031,
-0.934639,
0.355598,
-0.935184,
0.354164,
-0.935726,
0.352729,
-0.936266,
0.351293,
-0.936803,
0.349856,
-0.937339,
0.348419,
-0.937872,
0.346980,
-0.938404,
0.345541,
-0.938932,
0.344101,
-0.939459,
0.342661,
-0.939984,
0.341219,
-0.940506,
0.339777,
-0.941026,
0.338334,
-0.941544,
0.336890,
-0.942060,
0.335445,
-0.942573,
0.334000,
-0.943084,
0.332553,
-0.943593,
0.331106,
-0.944100,
0.329658,
-0.944605,
0.328210,
-0.945107,
0.326760,
-0.945607,
0.325310,
-0.946105,
0.323859,
-0.946601,
0.322408,
-0.947094,
0.320955,
-0.947586,
0.319502,
-0.948075,
0.318048,
-0.948561,
0.316593,
-0.949046,
0.315138,
-0.949528,
0.313682,
-0.950008,
0.312225,
-0.950486,
0.310767,
-0.950962,
0.309309,
-0.951435,
0.307850,
-0.951906,
0.306390,
-0.952375,
0.304929,
-0.952842,
0.303468,
-0.953306,
0.302006,
-0.953768,
0.300543,
-0.954228,
0.299080,
-0.954686,
0.297616,
-0.955141,
0.296151,
-0.955594,
0.294685,
-0.956045,
0.293219,
-0.956494,
0.291752,
-0.956940,
0.290285,
-0.957385,
0.288816,
-0.957826,
0.287347,
-0.958266,
0.285878,
-0.958703,
0.284408,
-0.959139,
0.282937,
-0.959572,
0.281465,
-0.960002,
0.279993,
-0.960431,
0.278520,
-0.960857,
0.277046,
-0.961280,
0.275572,
-0.961702,
0.274097,
-0.962121,
0.272621,
-0.962538,
0.271145,
-0.962953,
0.269668,
-0.963366,
0.268191,
-0.963776,
0.266713,
-0.964184,
0.265234,
-0.964590,
0.263755,
-0.964993,
0.262275,
-0.965394,
0.260794,
-0.965793,
0.259313,
-0.966190,
0.257831,
-0.966584,
0.256349,
-0.966976,
0.254866,
-0.967366,
0.253382,
-0.967754,
0.251898,
-0.968139,
0.250413,
-0.968522,
0.248928,
-0.968903,
0.247442,
-0.969281,
0.245955,
-0.969657,
0.244468,
-0.970031,
0.242980,
-0.970403,
0.241492,
-0.970772,
0.240003,
-0.971139,
0.238514,
-0.971504,
0.237024,
-0.971866,
0.235533,
-0.972226,
0.234042,
-0.972584,
0.232550,
-0.972940,
0.231058,
-0.973293,
0.229565,
-0.973644,
0.228072,
-0.973993,
0.226578,
-0.974339,
0.225084,
-0.974684,
0.223589,
-0.975025,
0.222094,
-0.975365,
0.220598,
-0.975702,
0.219101,
-0.976037,
0.217604,
-0.976370,
0.216107,
-0.976700,
0.214609,
-0.977028,
0.213110,
-0.977354,
0.211611,
-0.977677,
0.210112,
-0.977999,
0.208612,
-0.978317,
0.207111,
-0.978634,
0.205610,
-0.978948,
0.204109,
-0.979260,
0.202607,
-0.979570,
0.201105,
-0.979877,
0.199602,
-0.980182,
0.198098,
-0.980485,
0.196595,
-0.980785,
0.195090,
-0.981083,
0.193586,
-0.981379,
0.192080,
-0.981673,
0.190575,
-0.981964,
0.189069,
-0.982253,
0.187562,
-0.982539,
0.186055,
-0.982824,
0.184548,
-0.983105,
0.183040,
-0.983385,
0.181532,
-0.983662,
0.180023,
-0.983937,
0.178514,
-0.984210,
0.177004,
-0.984480,
0.175494,
-0.984749,
0.173984,
-0.985014,
0.172473,
-0.985278,
0.170962,
-0.985539,
0.169450,
-0.985798,
0.167938,
-0.986054,
0.166426,
-0.986308,
0.164913,
-0.986560,
0.163400,
-0.986809,
0.161886,
-0.987057,
0.160372,
-0.987301,
0.158858,
-0.987544,
0.157343,
-0.987784,
0.155828,
-0.988022,
0.154313,
-0.988258,
0.152797,
-0.988491,
0.151281,
-0.988722,
0.149765,
-0.988950,
0.148248,
-0.989177,
0.146730,
-0.989400,
0.145213,
-0.989622,
0.143695,
-0.989841,
0.142177,
-0.990058,
0.140658,
-0.990273,
0.139139,
-0.990485,
0.137620,
-0.990695,
0.136101,
-0.990903,
0.134581,
-0.991108,
0.133061,
-0.991311,
0.131540,
-0.991511,
0.130019,
-0.991710,
0.128498,
-0.991906,
0.126977,
-0.992099,
0.125455,
-0.992291,
0.123933,
-0.992480,
0.122411,
-0.992666,
0.120888,
-0.992850,
0.119365,
-0.993032,
0.117842,
-0.993212,
0.116319,
-0.993389,
0.114795,
-0.993564,
0.113271,
-0.993737,
0.111747,
-0.993907,
0.110222,
-0.994075,
0.108697,
-0.994240,
0.107172,
-0.994404,
0.105647,
-0.994565,
0.104122,
-0.994723,
0.102596,
-0.994879,
0.101070,
-0.995033,
0.099544,
-0.995185,
0.098017,
-0.995334,
0.096490,
-0.995481,
0.094963,
-0.995625,
0.093436,
-0.995767,
0.091909,
-0.995907,
0.090381,
-0.996045,
0.088854,
-0.996180,
0.087326,
-0.996313,
0.085797,
-0.996443,
0.084269,
-0.996571,
0.082740,
-0.996697,
0.081211,
-0.996820,
0.079682,
-0.996941,
0.078153,
-0.997060,
0.076624,
-0.997176,
0.075094,
-0.997290,
0.073565,
-0.997402,
0.072035,
-0.997511,
0.070505,
-0.997618,
0.068974,
-0.997723,
0.067444,
-0.997825,
0.065913,
-0.997925,
0.064383,
-0.998023,
0.062852,
-0.998118,
0.061321,
-0.998211,
0.059790,
-0.998302,
0.058258,
-0.998390,
0.056727,
-0.998476,
0.055195,
-0.998559,
0.053664,
-0.998640,
0.052132,
-0.998719,
0.050600,
-0.998795,
0.049068,
-0.998870,
0.047535,
-0.998941,
0.046003,
-0.999011,
0.044471,
-0.999078,
0.042938,
-0.999142,
0.041406,
-0.999205,
0.039873,
-0.999265,
0.038340,
-0.999322,
0.036807,
-0.999378,
0.035274,
-0.999431,
0.033741,
-0.999481,
0.032208,
-0.999529,
0.030675,
-0.999575,
0.029142,
-0.999619,
0.027608,
-0.999660,
0.026075,
-0.999699,
0.024541,
-0.999735,
0.023008,
-0.999769,
0.021474,
-0.999801,
0.019940,
-0.999831,
0.018407,
-0.999858,
0.016873,
-0.999882,
0.015339,
-0.999905,
0.013805,
-0.999925,
0.012272,
-0.999942,
0.010738,
-0.999958,
0.009204,
-0.999971,
0.007670,
-0.999981,
0.006136,
-0.999989,
0.004602,
-0.999995,
0.003068,
-0.999999,
0.001534,
-1.000000,
0.000000,
-0.999999,
-0.001534,
-0.999995,
-0.003068,
-0.999989,
-0.004602,
-0.999981,
-0.006136,
-0.999971,
-0.007670,
-0.999958,
-0.009204,
-0.999942,
-0.010738,
-0.999925,
-0.012272,
-0.999905,
-0.013805,
-0.999882,
-0.015339,
-0.999858,
-0.016873,
-0.999831,
-0.018407,
-0.999801,
-0.019940,
-0.999769,
-0.021474,
-0.999735,
-0.023008,
-0.999699,
-0.024541,
-0.999660,
-0.026075,
-0.999619,
-0.027608,
-0.999575,
-0.029142,
-0.999529,
-0.030675,
-0.999481,
-0.032208,
-0.999431,
-0.033741,
-0.999378,
-0.035274,
-0.999322,
-0.036807,
-0.999265,
-0.038340,
-0.999205,
-0.039873,
-0.999142,
-0.041406,
-0.999078,
-0.042938,
-0.999011,
-0.044471,
-0.998941,
-0.046003,
-0.998870,
-0.047535,
-0.998795,
-0.049068,
-0.998719,
-0.050600,
-0.998640,
-0.052132,
-0.998559,
-0.053664,
-0.998476,
-0.055195,
-0.998390,
-0.056727,
-0.998302,
-0.058258,
-0.998211,
-0.059790,
-0.998118,
-0.061321,
-0.998023,
-0.062852,
-0.997925,
-0.064383,
-0.997825,
-0.065913,
-0.997723,
-0.067444,
-0.997618,
-0.068974,
-0.997511,
-0.070505,
-0.997402,
-0.072035,
-0.997290,
-0.073565,
-0.997176,
-0.075094,
-0.997060,
-0.076624,
-0.996941,
-0.078153,
-0.996820,
-0.079682,
-0.996697,
-0.081211,
-0.996571,
-0.082740,
-0.996443,
-0.084269,
-0.996313,
-0.085797,
-0.996180,
-0.087326,
-0.996045,
-0.088854,
-0.995907,
-0.090381,
-0.995767,
-0.091909,
-0.995625,
-0.093436,
-0.995481,
-0.094963,
-0.995334,
-0.096490,
-0.995185,
-0.098017,
-0.995033,
-0.099544,
-0.994879,
-0.101070,
-0.994723,
-0.102596,
-0.994565,
-0.104122,
-0.994404,
-0.105647,
-0.994240,
-0.107172,
-0.994075,
-0.108697,
-0.993907,
-0.110222,
-0.993737,
-0.111747,
-0.993564,
-0.113271,
-0.993389,
-0.114795,
-0.993212,
-0.116319,
-0.993032,
-0.117842,
-0.992850,
-0.119365,
-0.992666,
-0.120888,
-0.992480,
-0.122411,
-0.992291,
-0.123933,
-0.992099,
-0.125455,
-0.991906,
-0.126977,
-0.991710,
-0.128498,
-0.991511,
-0.130019,
-0.991311,
-0.131540,
-0.991108,
-0.133061,
-0.990903,
-0.134581,
-0.990695,
-0.136101,
-0.990485,
-0.137620,
-0.990273,
-0.139139,
-0.990058,
-0.140658,
-0.989841,
-0.142177,
-0.989622,
-0.143695,
-0.989400,
-0.145213,
-0.989177,
-0.146730,
-0.988950,
-0.148248,
-0.988722,
-0.149765,
-0.988491,
-0.151281,
-0.988258,
-0.152797,
-0.988022,
-0.154313,
-0.987784,
-0.155828,
-0.987544,
-0.157343,
-0.987301,
-0.158858,
-0.987057,
-0.160372,
-0.986809,
-0.161886,
-0.986560,
-0.163400,
-0.986308,
-0.164913,
-0.986054,
-0.166426,
-0.985798,
-0.167938,
-0.985539,
-0.169450,
-0.985278,
-0.170962,
-0.985014,
-0.172473,
-0.984749,
-0.173984,
-0.984480,
-0.175494,
-0.984210,
-0.177004,
-0.983937,
-0.178514,
-0.983662,
-0.180023,
-0.983385,
-0.181532,
-0.983105,
-0.183040,
-0.982824,
-0.184548,
-0.982539,
-0.186055,
-0.982253,
-0.187562,
-0.981964,
-0.189069,
-0.981673,
-0.190575,
-0.981379,
-0.192080,
-0.981083,
-0.193586,
-0.980785,
-0.195090,
-0.980485,
-0.196595,
-0.980182,
-0.198098,
-0.979877,
-0.199602,
-0.979570,
-0.201105,
-0.979260,
-0.202607,
-0.978948,
-0.204109,
-0.978634,
-0.205610,
-0.978317,
-0.207111,
-0.977999,
-0.208612,
-0.977677,
-0.210112,
-0.977354,
-0.211611,
-0.977028,
-0.213110,
-0.976700,
-0.214609,
-0.976370,
-0.216107,
-0.976037,
-0.217604,
-0.975702,
-0.219101,
-0.975365,
-0.220598,
-0.975025,
-0.222094,
-0.974684,
-0.223589,
-0.974339,
-0.225084,
-0.973993,
-0.226578,
-0.973644,
-0.228072,
-0.973293,
-0.229565,
-0.972940,
-0.231058,
-0.972584,
-0.232550,
-0.972226,
-0.234042,
-0.971866,
-0.235533,
-0.971504,
-0.237024,
-0.971139,
-0.238514,
-0.970772,
-0.240003,
-0.970403,
-0.241492,
-0.970031,
-0.242980,
-0.969657,
-0.244468,
-0.969281,
-0.245955,
-0.968903,
-0.247442,
-0.968522,
-0.248928,
-0.968139,
-0.250413,
-0.967754,
-0.251898,
-0.967366,
-0.253382,
-0.966976,
-0.254866,
-0.966584,
-0.256349,
-0.966190,
-0.257831,
-0.965793,
-0.259313,
-0.965394,
-0.260794,
-0.964993,
-0.262275,
-0.964590,
-0.263755,
-0.964184,
-0.265234,
-0.963776,
-0.266713,
-0.963366,
-0.268191,
-0.962953,
-0.269668,
-0.962538,
-0.271145,
-0.962121,
-0.272621,
-0.961702,
-0.274097,
-0.961280,
-0.275572,
-0.960857,
-0.277046,
-0.960431,
-0.278520,
-0.960002,
-0.279993,
-0.959572,
-0.281465,
-0.959139,
-0.282937,
-0.958703,
-0.284408,
-0.958266,
-0.285878,
-0.957826,
-0.287347,
-0.957385,
-0.288816,
-0.956940,
-0.290285,
-0.956494,
-0.291752,
-0.956045,
-0.293219,
-0.955594,
-0.294685,
-0.955141,
-0.296151,
-0.954686,
-0.297616,
-0.954228,
-0.299080,
-0.953768,
-0.300543,
-0.953306,
-0.302006,
-0.952842,
-0.303468,
-0.952375,
-0.304929,
-0.951906,
-0.306390,
-0.951435,
-0.307850,
-0.950962,
-0.309309,
-0.950486,
-0.310767,
-0.950008,
-0.312225,
-0.949528,
-0.313682,
-0.949046,
-0.315138,
-0.948561,
-0.316593,
-0.948075,
-0.318048,
-0.947586,
-0.319502,
-0.947094,
-0.320955,
-0.946601,
-0.322408,
-0.946105,
-0.323859,
-0.945607,
-0.325310,
-0.945107,
-0.326760,
-0.944605,
-0.328210,
-0.944100,
-0.329658,
-0.943593,
-0.331106,
-0.943084,
-0.332553,
-0.942573,
-0.334000,
-0.942060,
-0.335445,
-0.941544,
-0.336890,
-0.941026,
-0.338334,
-0.940506,
-0.339777,
-0.939984,
-0.341219,
-0.939459,
-0.342661,
-0.938932,
-0.344101,
-0.938404,
-0.345541,
-0.937872,
-0.346980,
-0.937339,
-0.348419,
-0.936803,
-0.349856,
-0.936266,
-0.351293,
-0.935726,
-0.352729,
-0.935184,
-0.354164,
-0.934639,
-0.355598,
-0.934093,
-0.357031,
-0.933544,
-0.358463,
-0.932993,
-0.359895,
-0.932440,
-0.361326,
-0.931884,
-0.362756,
-0.931327,
-0.364185,
-0.930767,
-0.365613,
-0.930205,
-0.367040,
-0.929641,
-0.368467,
-0.929075,
-0.369892,
-0.928506,
-0.371317,
-0.927935,
-0.372741,
-0.927363,
-0.374164,
-0.926787,
-0.375586,
-0.926210,
-0.377007,
-0.925631,
-0.378428,
-0.925049,
-0.379847,
-0.924465,
-0.381266,
-0.923880,
-0.382683,
-0.923291,
-0.384100,
-0.922701,
-0.385516,
-0.922109,
-0.386931,
-0.921514,
-0.388345,
-0.920917,
-0.389758,
-0.920318,
-0.391170,
-0.919717,
-0.392582,
-0.919114,
-0.393992,
-0.918508,
-0.395401,
-0.917901,
-0.396810,
-0.917291,
-0.398218,
-0.916679,
-0.399624,
-0.916065,
-0.401030,
-0.915449,
-0.402435,
-0.914830,
-0.403838,
-0.914210,
-0.405241,
-0.913587,
-0.406643,
-0.912962,
-0.408044,
-0.912335,
-0.409444,
-0.911706,
-0.410843,
-0.911075,
-0.412241,
-0.910441,
-0.413638,
-0.909806,
-0.415034,
-0.909168,
-0.416430,
-0.908528,
-0.417824,
-0.907886,
-0.419217,
-0.907242,
-0.420609,
-0.906596,
-0.422000,
-0.905947,
-0.423390,
-0.905297,
-0.424780,
-0.904644,
-0.426168,
-0.903989,
-0.427555,
-0.903332,
-0.428941,
-0.902673,
-0.430326,
-0.902012,
-0.431711,
-0.901349,
-0.433094,
-0.900683,
-0.434476,
-0.900016,
-0.435857,
-0.899346,
-0.437237,
-0.898674,
-0.438616,
-0.898001,
-0.439994,
-0.897325,
-0.441371,
-0.896646,
-0.442747,
-0.895966,
-0.444122,
-0.895284,
-0.445496,
-0.894599,
-0.446869,
-0.893913,
-0.448241,
-0.893224,
-0.449611,
-0.892534,
-0.450981,
-0.891841,
-0.452350,
-0.891146,
-0.453717,
-0.890449,
-0.455084,
-0.889750,
-0.456449,
-0.889048,
-0.457813,
-0.888345,
-0.459177,
-0.887640,
-0.460539,
-0.886932,
-0.461900,
-0.886223,
-0.463260,
-0.885511,
-0.464619,
-0.884797,
-0.465976,
-0.884081,
-0.467333,
-0.883363,
-0.468689,
-0.882643,
-0.470043,
-0.881921,
-0.471397,
-0.881197,
-0.472749,
-0.880471,
-0.474100,
-0.879743,
-0.475450,
-0.879012,
-0.476799,
-0.878280,
-0.478147,
-0.877545,
-0.479494,
-0.876809,
-0.480839,
-0.876070,
-0.482184,
-0.875329,
-0.483527,
-0.874587,
-0.484869,
-0.873842,
-0.486210,
-0.873095,
-0.487550,
-0.872346,
-0.488889,
-0.871595,
-0.490226,
-0.870842,
-0.491563,
-0.870087,
-0.492898,
-0.869330,
-0.494232,
-0.868571,
-0.495565,
-0.867809,
-0.496897,
-0.867046,
-0.498228,
-0.866281,
-0.499557,
-0.865514,
-0.500885,
-0.864744,
-0.502212,
-0.863973,
-0.503538,
-0.863199,
-0.504863,
-0.862424,
-0.506187,
-0.861646,
-0.507509,
-0.860867,
-0.508830,
-0.860085,
-0.510150,
-0.859302,
-0.511469,
-0.858516,
-0.512786,
-0.857729,
-0.514103,
-0.856939,
-0.515418,
-0.856147,
-0.516732,
-0.855354,
-0.518045,
-0.854558,
-0.519356,
-0.853760,
-0.520666,
-0.852961,
-0.521975,
-0.852159,
-0.523283,
-0.851355,
-0.524590,
-0.850549,
-0.525895,
-0.849742,
-0.527199,
-0.848932,
-0.528502,
-0.848120,
-0.529804,
-0.847307,
-0.531104,
-0.846491,
-0.532403,
-0.845673,
-0.533701,
-0.844854,
-0.534998,
-0.844032,
-0.536293,
-0.843208,
-0.537587,
-0.842383,
-0.538880,
-0.841555,
-0.540171,
-0.840725,
-0.541462,
-0.839894,
-0.542751,
-0.839060,
-0.544039,
-0.838225,
-0.545325,
-0.837387,
-0.546610,
-0.836548,
-0.547894,
-0.835706,
-0.549177,
-0.834863,
-0.550458,
-0.834018,
-0.551738,
-0.833170,
-0.553017,
-0.832321,
-0.554294,
-0.831470,
-0.555570,
-0.830616,
-0.556845,
-0.829761,
-0.558119,
-0.828904,
-0.559391,
-0.828045,
-0.560662,
-0.827184,
-0.561931,
-0.826321,
-0.563199,
-0.825456,
-0.564466,
-0.824589,
-0.565732,
-0.823721,
-0.566996,
-0.822850,
-0.568259,
-0.821977,
-0.569521,
-0.821103,
-0.570781,
-0.820226,
-0.572040,
-0.819348,
-0.573297,
-0.818467,
-0.574553,
-0.817585,
-0.575808,
-0.816701,
-0.577062,
-0.815814,
-0.578314,
-0.814926,
-0.579565,
-0.814036,
-0.580814,
-0.813144,
-0.582062,
-0.812251,
-0.583309,
-0.811355,
-0.584554,
-0.810457,
-0.585798,
-0.809558,
-0.587040,
-0.808656,
-0.588282,
-0.807753,
-0.589521,
-0.806848,
-0.590760,
-0.805940,
-0.591997,
-0.805031,
-0.593232,
-0.804120,
-0.594466,
-0.803208,
-0.595699,
-0.802293,
-0.596931,
-0.801376,
-0.598161,
-0.800458,
-0.599389,
-0.799537,
-0.600616,
-0.798615,
-0.601842,
-0.797691,
-0.603067,
-0.796765,
-0.604290,
-0.795837,
-0.605511,
-0.794907,
-0.606731,
-0.793975,
-0.607950,
-0.793042,
-0.609167,
-0.792107,
-0.610383,
-0.791169,
-0.611597,
-0.790230,
-0.612810,
-0.789289,
-0.614022,
-0.788346,
-0.615232,
-0.787402,
-0.616440,
-0.786455,
-0.617647,
-0.785507,
-0.618853,
-0.784557,
-0.620057,
-0.783605,
-0.621260,
-0.782651,
-0.622461,
-0.781695,
-0.623661,
-0.780737,
-0.624859,
-0.779778,
-0.626056,
-0.778817,
-0.627252,
-0.777853,
-0.628446,
-0.776888,
-0.629638,
-0.775922,
-0.630829,
-0.774953,
-0.632019,
-0.773983,
-0.633207,
-0.773010,
-0.634393,
-0.772036,
-0.635578,
-0.771061,
-0.636762,
-0.770083,
-0.637944,
-0.769103,
-0.639124,
-0.768122,
-0.640303,
-0.767139,
-0.641481,
-0.766154,
-0.642657,
-0.765167,
-0.643832,
-0.764179,
-0.645005,
-0.763188,
-0.646176,
-0.762196,
-0.647346,
-0.761202,
-0.648514,
-0.760207,
-0.649681,
-0.759209,
-0.650847,
-0.758210,
-0.652011,
-0.757209,
-0.653173,
-0.756206,
-0.654334,
-0.755201,
-0.655493,
-0.754195,
-0.656651,
-0.753187,
-0.657807,
-0.752177,
-0.658961,
-0.751165,
-0.660114,
-0.750152,
-0.661266,
-0.749136,
-0.662416,
-0.748119,
-0.663564,
-0.747101,
-0.664711,
-0.746080,
-0.665856,
-0.745058,
-0.667000,
-0.744034,
-0.668142,
-0.743008,
-0.669283,
-0.741980,
-0.670422,
-0.740951,
-0.671559,
-0.739920,
-0.672695,
-0.738887,
-0.673829,
-0.737853,
-0.674962,
-0.736817,
-0.676093,
-0.735779,
-0.677222,
-0.734739,
-0.678350,
-0.733697,
-0.679476,
-0.732654,
-0.680601,
-0.731609,
-0.681724,
-0.730563,
-0.682846,
-0.729514,
-0.683965,
-0.728464,
-0.685084,
-0.727413,
-0.686200,
-0.726359,
-0.687315,
-0.725304,
-0.688429,
-0.724247,
-0.689541,
-0.723188,
-0.690651,
-0.722128,
-0.691759,
-0.721066,
-0.692866,
-0.720003,
-0.693971,
-0.718937,
-0.695075,
-0.717870,
-0.696177,
-0.716801,
-0.697278,
-0.715731,
-0.698376,
-0.714659,
-0.699473,
-0.713585,
-0.700569,
-0.712509,
-0.701663,
-0.711432,
-0.702755,
-0.710353,
-0.703845,
-0.709273,
-0.704934,
-0.708191,
-0.706021,
-0.707107,
-0.707107,
-0.706021,
-0.708191,
-0.704934,
-0.709273,
-0.703845,
-0.710353,
-0.702755,
-0.711432,
-0.701663,
-0.712509,
-0.700569,
-0.713585,
-0.699473,
-0.714659,
-0.698376,
-0.715731,
-0.697278,
-0.716801,
-0.696177,
-0.717870,
-0.695075,
-0.718937,
-0.693971,
-0.720003,
-0.692866,
-0.721066,
-0.691759,
-0.722128,
-0.690651,
-0.723188,
-0.689541,
-0.724247,
-0.688429,
-0.725304,
-0.687315,
-0.726359,
-0.686200,
-0.727413,
-0.685084,
-0.728464,
-0.683965,
-0.729514,
-0.682846,
-0.730563,
-0.681724,
-0.731609,
-0.680601,
-0.732654,
-0.679476,
-0.733697,
-0.678350,
-0.734739,
-0.677222,
-0.735779,
-0.676093,
-0.736817,
-0.674962,
-0.737853,
-0.673829,
-0.738887,
-0.672695,
-0.739920,
-0.671559,
-0.740951,
-0.670422,
-0.741980,
-0.669283,
-0.743008,
-0.668142,
-0.744034,
-0.667000,
-0.745058,
-0.665856,
-0.746080,
-0.664711,
-0.747101,
-0.663564,
-0.748119,
-0.662416,
-0.749136,
-0.661266,
-0.750152,
-0.660114,
-0.751165,
-0.658961,
-0.752177,
-0.657807,
-0.753187,
-0.656651,
-0.754195,
-0.655493,
-0.755201,
-0.654334,
-0.756206,
-0.653173,
-0.757209,
-0.652011,
-0.758210,
-0.650847,
-0.759209,
-0.649681,
-0.760207,
-0.648514,
-0.761202,
-0.647346,
-0.762196,
-0.646176,
-0.763188,
-0.645005,
-0.764179,
-0.643832,
-0.765167,
-0.642657,
-0.766154,
-0.641481,
-0.767139,
-0.640303,
-0.768122,
-0.639124,
-0.769103,
-0.637944,
-0.770083,
-0.636762,
-0.771061,
-0.635578,
-0.772036,
-0.634393,
-0.773010,
-0.633207,
-0.773983,
-0.632019,
-0.774953,
-0.630829,
-0.775922,
-0.629638,
-0.776888,
-0.628446,
-0.777853,
-0.627252,
-0.778817,
-0.626056,
-0.779778,
-0.624859,
-0.780737,
-0.623661,
-0.781695,
-0.622461,
-0.782651,
-0.621260,
-0.783605,
-0.620057,
-0.784557,
-0.618853,
-0.785507,
-0.617647,
-0.786455,
-0.616440,
-0.787402,
-0.615232,
-0.788346,
-0.614022,
-0.789289,
-0.612810,
-0.790230,
-0.611597,
-0.791169,
-0.610383,
-0.792107,
-0.609167,
-0.793042,
-0.607950,
-0.793975,
-0.606731,
-0.794907,
-0.605511,
-0.795837,
-0.604290,
-0.796765,
-0.603067,
-0.797691,
-0.601842,
-0.798615,
-0.600616,
-0.799537,
-0.599389,
-0.800458,
-0.598161,
-0.801376,
-0.596931,
-0.802293,
-0.595699,
-0.803208,
-0.594466,
-0.804120,
-0.593232,
-0.805031,
-0.591997,
-0.805940,
-0.590760,
-0.806848,
-0.589521,
-0.807753,
-0.588282,
-0.808656,
-0.587040,
-0.809558,
-0.585798,
-0.810457,
-0.584554,
-0.811355,
-0.583309,
-0.812251,
-0.582062,
-0.813144,
-0.580814,
-0.814036,
-0.579565,
-0.814926,
-0.578314,
-0.815814,
-0.577062,
-0.816701,
-0.575808,
-0.817585,
-0.574553,
-0.818467,
-0.573297,
-0.819348,
-0.572040,
-0.820226,
-0.570781,
-0.821103,
-0.569521,
-0.821977,
-0.568259,
-0.822850,
-0.566996,
-0.823721,
-0.565732,
-0.824589,
-0.564466,
-0.825456,
-0.563199,
-0.826321,
-0.561931,
-0.827184,
-0.560662,
-0.828045,
-0.559391,
-0.828904,
-0.558119,
-0.829761,
-0.556845,
-0.830616,
-0.555570,
-0.831470,
-0.554294,
-0.832321,
-0.553017,
-0.833170,
-0.551738,
-0.834018,
-0.550458,
-0.834863,
-0.549177,
-0.835706,
-0.547894,
-0.836548,
-0.546610,
-0.837387,
-0.545325,
-0.838225,
-0.544039,
-0.839060,
-0.542751,
-0.839894,
-0.541462,
-0.840725,
-0.540171,
-0.841555,
-0.538880,
-0.842383,
-0.537587,
-0.843208,
-0.536293,
-0.844032,
-0.534998,
-0.844854,
-0.533701,
-0.845673,
-0.532403,
-0.846491,
-0.531104,
-0.847307,
-0.529804,
-0.848120,
-0.528502,
-0.848932,
-0.527199,
-0.849742,
-0.525895,
-0.850549,
-0.524590,
-0.851355,
-0.523283,
-0.852159,
-0.521975,
-0.852961,
-0.520666,
-0.853760,
-0.519356,
-0.854558,
-0.518045,
-0.855354,
-0.516732,
-0.856147,
-0.515418,
-0.856939,
-0.514103,
-0.857729,
-0.512786,
-0.858516,
-0.511469,
-0.859302,
-0.510150,
-0.860085,
-0.508830,
-0.860867,
-0.507509,
-0.861646,
-0.506187,
-0.862424,
-0.504863,
-0.863199,
-0.503538,
-0.863973,
-0.502212,
-0.864744,
-0.500885,
-0.865514,
-0.499557,
-0.866281,
-0.498228,
-0.867046,
-0.496897,
-0.867809,
-0.495565,
-0.868571,
-0.494232,
-0.869330,
-0.492898,
-0.870087,
-0.491563,
-0.870842,
-0.490226,
-0.871595,
-0.488889,
-0.872346,
-0.487550,
-0.873095,
-0.486210,
-0.873842,
-0.484869,
-0.874587,
-0.483527,
-0.875329,
-0.482184,
-0.876070,
-0.480839,
-0.876809,
-0.479494,
-0.877545,
-0.478147,
-0.878280,
-0.476799,
-0.879012,
-0.475450,
-0.879743,
-0.474100,
-0.880471,
-0.472749,
-0.881197,
-0.471397,
-0.881921,
-0.470043,
-0.882643,
-0.468689,
-0.883363,
-0.467333,
-0.884081,
-0.465976,
-0.884797,
-0.464619,
-0.885511,
-0.463260,
-0.886223,
-0.461900,
-0.886932,
-0.460539,
-0.887640,
-0.459177,
-0.888345,
-0.457813,
-0.889048,
-0.456449,
-0.889750,
-0.455084,
-0.890449,
-0.453717,
-0.891146,
-0.452350,
-0.891841,
-0.450981,
-0.892534,
-0.449611,
-0.893224,
-0.448241,
-0.893913,
-0.446869,
-0.894599,
-0.445496,
-0.895284,
-0.444122,
-0.895966,
-0.442747,
-0.896646,
-0.441371,
-0.897325,
-0.439994,
-0.898001,
-0.438616,
-0.898674,
-0.437237,
-0.899346,
-0.435857,
-0.900016,
-0.434476,
-0.900683,
-0.433094,
-0.901349,
-0.431711,
-0.902012,
-0.430326,
-0.902673,
-0.428941,
-0.903332,
-0.427555,
-0.903989,
-0.426168,
-0.904644,
-0.424780,
-0.905297,
-0.423390,
-0.905947,
-0.422000,
-0.906596,
-0.420609,
-0.907242,
-0.419217,
-0.907886,
-0.417824,
-0.908528,
-0.416430,
-0.909168,
-0.415034,
-0.909806,
-0.413638,
-0.910441,
-0.412241,
-0.911075,
-0.410843,
-0.911706,
-0.409444,
-0.912335,
-0.408044,
-0.912962,
-0.406643,
-0.913587,
-0.405241,
-0.914210,
-0.403838,
-0.914830,
-0.402435,
-0.915449,
-0.401030,
-0.916065,
-0.399624,
-0.916679,
-0.398218,
-0.917291,
-0.396810,
-0.917901,
-0.395401,
-0.918508,
-0.393992,
-0.919114,
-0.392582,
-0.919717,
-0.391170,
-0.920318,
-0.389758,
-0.920917,
-0.388345,
-0.921514,
-0.386931,
-0.922109,
-0.385516,
-0.922701,
-0.384100,
-0.923291,
-0.382683,
-0.923880,
-0.381266,
-0.924465,
-0.379847,
-0.925049,
-0.378428,
-0.925631,
-0.377007,
-0.926210,
-0.375586,
-0.926787,
-0.374164,
-0.927363,
-0.372741,
-0.927935,
-0.371317,
-0.928506,
-0.369892,
-0.929075,
-0.368467,
-0.929641,
-0.367040,
-0.930205,
-0.365613,
-0.930767,
-0.364185,
-0.931327,
-0.362756,
-0.931884,
-0.361326,
-0.932440,
-0.359895,
-0.932993,
-0.358463,
-0.933544,
-0.357031,
-0.934093,
-0.355598,
-0.934639,
-0.354164,
-0.935184,
-0.352729,
-0.935726,
-0.351293,
-0.936266,
-0.349856,
-0.936803,
-0.348419,
-0.937339,
-0.346980,
-0.937872,
-0.345541,
-0.938404,
-0.344101,
-0.938932,
-0.342661,
-0.939459,
-0.341219,
-0.939984,
-0.339777,
-0.940506,
-0.338334,
-0.941026,
-0.336890,
-0.941544,
-0.335445,
-0.942060,
-0.334000,
-0.942573,
-0.332553,
-0.943084,
-0.331106,
-0.943593,
-0.329658,
-0.944100,
-0.328210,
-0.944605,
-0.326760,
-0.945107,
-0.325310,
-0.945607,
-0.323859,
-0.946105,
-0.322408,
-0.946601,
-0.320955,
-0.947094,
-0.319502,
-0.947586,
-0.318048,
-0.948075,
-0.316593,
-0.948561,
-0.315138,
-0.949046,
-0.313682,
-0.949528,
-0.312225,
-0.950008,
-0.310767,
-0.950486,
-0.309309,
-0.950962,
-0.307850,
-0.951435,
-0.306390,
-0.951906,
-0.304929,
-0.952375,
-0.303468,
-0.952842,
-0.302006,
-0.953306,
-0.300543,
-0.953768,
-0.299080,
-0.954228,
-0.297616,
-0.954686,
-0.296151,
-0.955141,
-0.294685,
-0.955594,
-0.293219,
-0.956045,
-0.291752,
-0.956494,
-0.290285,
-0.956940,
-0.288816,
-0.957385,
-0.287347,
-0.957826,
-0.285878,
-0.958266,
-0.284408,
-0.958703,
-0.282937,
-0.959139,
-0.281465,
-0.959572,
-0.279993,
-0.960002,
-0.278520,
-0.960431,
-0.277046,
-0.960857,
-0.275572,
-0.961280,
-0.274097,
-0.961702,
-0.272621,
-0.962121,
-0.271145,
-0.962538,
-0.269668,
-0.962953,
-0.268191,
-0.963366,
-0.266713,
-0.963776,
-0.265234,
-0.964184,
-0.263755,
-0.964590,
-0.262275,
-0.964993,
-0.260794,
-0.965394,
-0.259313,
-0.965793,
-0.257831,
-0.966190,
-0.256349,
-0.966584,
-0.254866,
-0.966976,
-0.253382,
-0.967366,
-0.251898,
-0.967754,
-0.250413,
-0.968139,
-0.248928,
-0.968522,
-0.247442,
-0.968903,
-0.245955,
-0.969281,
-0.244468,
-0.969657,
-0.242980,
-0.970031,
-0.241492,
-0.970403,
-0.240003,
-0.970772,
-0.238514,
-0.971139,
-0.237024,
-0.971504,
-0.235533,
-0.971866,
-0.234042,
-0.972226,
-0.232550,
-0.972584,
-0.231058,
-0.972940,
-0.229565,
-0.973293,
-0.228072,
-0.973644,
-0.226578,
-0.973993,
-0.225084,
-0.974339,
-0.223589,
-0.974684,
-0.222094,
-0.975025,
-0.220598,
-0.975365,
-0.219101,
-0.975702,
-0.217604,
-0.976037,
-0.216107,
-0.976370,
-0.214609,
-0.976700,
-0.213110,
-0.977028,
-0.211611,
-0.977354,
-0.210112,
-0.977677,
-0.208612,
-0.977999,
-0.207111,
-0.978317,
-0.205610,
-0.978634,
-0.204109,
-0.978948,
-0.202607,
-0.979260,
-0.201105,
-0.979570,
-0.199602,
-0.979877,
-0.198098,
-0.980182,
-0.196595,
-0.980485,
-0.195090,
-0.980785,
-0.193586,
-0.981083,
-0.192080,
-0.981379,
-0.190575,
-0.981673,
-0.189069,
-0.981964,
-0.187562,
-0.982253,
-0.186055,
-0.982539,
-0.184548,
-0.982824,
-0.183040,
-0.983105,
-0.181532,
-0.983385,
-0.180023,
-0.983662,
-0.178514,
-0.983937,
-0.177004,
-0.984210,
-0.175494,
-0.984480,
-0.173984,
-0.984749,
-0.172473,
-0.985014,
-0.170962,
-0.985278,
-0.169450,
-0.985539,
-0.167938,
-0.985798,
-0.166426,
-0.986054,
-0.164913,
-0.986308,
-0.163400,
-0.986560,
-0.161886,
-0.986809,
-0.160372,
-0.987057,
-0.158858,
-0.987301,
-0.157343,
-0.987544,
-0.155828,
-0.987784,
-0.154313,
-0.988022,
-0.152797,
-0.988258,
-0.151281,
-0.988491,
-0.149765,
-0.988722,
-0.148248,
-0.988950,
-0.146730,
-0.989177,
-0.145213,
-0.989400,
-0.143695,
-0.989622,
-0.142177,
-0.989841,
-0.140658,
-0.990058,
-0.139139,
-0.990273,
-0.137620,
-0.990485,
-0.136101,
-0.990695,
-0.134581,
-0.990903,
-0.133061,
-0.991108,
-0.131540,
-0.991311,
-0.130019,
-0.991511,
-0.128498,
-0.991710,
-0.126977,
-0.991906,
-0.125455,
-0.992099,
-0.123933,
-0.992291,
-0.122411,
-0.992480,
-0.120888,
-0.992666,
-0.119365,
-0.992850,
-0.117842,
-0.993032,
-0.116319,
-0.993212,
-0.114795,
-0.993389,
-0.113271,
-0.993564,
-0.111747,
-0.993737,
-0.110222,
-0.993907,
-0.108697,
-0.994075,
-0.107172,
-0.994240,
-0.105647,
-0.994404,
-0.104122,
-0.994565,
-0.102596,
-0.994723,
-0.101070,
-0.994879,
-0.099544,
-0.995033,
-0.098017,
-0.995185,
-0.096490,
-0.995334,
-0.094963,
-0.995481,
-0.093436,
-0.995625,
-0.091909,
-0.995767,
-0.090381,
-0.995907,
-0.088854,
-0.996045,
-0.087326,
-0.996180,
-0.085797,
-0.996313,
-0.084269,
-0.996443,
-0.082740,
-0.996571,
-0.081211,
-0.996697,
-0.079682,
-0.996820,
-0.078153,
-0.996941,
-0.076624,
-0.997060,
-0.075094,
-0.997176,
-0.073565,
-0.997290,
-0.072035,
-0.997402,
-0.070505,
-0.997511,
-0.068974,
-0.997618,
-0.067444,
-0.997723,
-0.065913,
-0.997825,
-0.064383,
-0.997925,
-0.062852,
-0.998023,
-0.061321,
-0.998118,
-0.059790,
-0.998211,
-0.058258,
-0.998302,
-0.056727,
-0.998390,
-0.055195,
-0.998476,
-0.053664,
-0.998559,
-0.052132,
-0.998640,
-0.050600,
-0.998719,
-0.049068,
-0.998795,
-0.047535,
-0.998870,
-0.046003,
-0.998941,
-0.044471,
-0.999011,
-0.042938,
-0.999078,
-0.041406,
-0.999142,
-0.039873,
-0.999205,
-0.038340,
-0.999265,
-0.036807,
-0.999322,
-0.035274,
-0.999378,
-0.033741,
-0.999431,
-0.032208,
-0.999481,
-0.030675,
-0.999529,
-0.029142,
-0.999575,
-0.027608,
-0.999619,
-0.026075,
-0.999660,
-0.024541,
-0.999699,
-0.023008,
-0.999735,
-0.021474,
-0.999769,
-0.019940,
-0.999801,
-0.018407,
-0.999831,
-0.016873,
-0.999858,
-0.015339,
-0.999882,
-0.013805,
-0.999905,
-0.012272,
-0.999925,
-0.010738,
-0.999942,
-0.009204,
-0.999958,
-0.007670,
-0.999971,
-0.006136,
-0.999981,
-0.004602,
-0.999989,
-0.003068,
-0.999995,
-0.001534,
-0.999999,
