0.000000,
0.278755,
0.000000,
0.278757,
0.000000,
0.278761,
0.000000,
0.278767,
0.000000,
0.278775,
0.000000,
0.278785,
0.000000,
0.278798,
0.000000,
0.278812,
0.000000,
0.278828,
0.000000,
0.278847,
0.000000,
0.278867,
0.000000,
0.278890,
0.000000,
0.278915,
0.000000,
0.278941,
0.000000,
0.278970,
0.000000,
0.279001,
0.000000,
0.279033,
0.000000,
0.279068,
0.000000,
0.279105,
0.000000,
0.279144,
0.000000,
0.279185,
0.000000,
0.279228,
0.000000,
0.279273,
0.000000,
0.279320,
0.000000,
0.279369,
0.000000,
0.279421,
0.000000,
0.279474,
0.000000,
0.279529,
0.000000,
0.279586,
0.000000,
0.279646,
0.000000,
0.279707,
0.000000,
0.279771,
0.000000,
0.279836,
0.000000,
0.279904,
0.000000,
0.279973,
0.000000,
0.280045,
0.000000,
0.280119,
0.000000,
0.280195,
0.000000,
0.280272,
0.000000,
0.280352,
0.000000,
0.280434,
0.000000,
0.280518,
0.000000,
0.280604,
0.000000,
0.280692,
0.000000,
0.280782,
0.000000,
0.280874,
0.000000,
0.280968,
0.000000,
0.281064,
0.000000,
0.281162,
0.000000,
0.281263,
0.000000,
0.281365,
0.000000,
0.281469,
0.000000,
0.281575,
0.000000,
0.281684,
0.000000,
0.281794,
0.000000,
0.281907,
0.000000,
0.282021,
0.000000,
0.282138,
0.000000,
0.282256,
0.000000,
0.282377,
0.000000,
0.282499,
0.000000,
0.282624,
0.000000,
0.282751,
0.000000,
0.282879,
0.000000,
0.283010,
0.000000,
0.283143,
0.000000,
0.283278,
0.000000,
0.283414,
0.000000,
0.283553,
0.000000,
0.283694,
0.000000,
0.283837,
0.000000,
0.283982,
0.000000,
0.284129,
0.000000,
0.284278,
0.000000,
0.284429,
0.000000,
0.284582,
0.000000,
0.284737,
0.000000,
0.284894,
0.000000,
0.285053,
0.000000,
0.285214,
0.000000,
0.285377,
0.000000,
0.285542,
0.000000,
0.285710,
0.000000,
0.285879,
0.000000,
0.286050,
0.000000,
0.286223,
0.000000,
0.286398,
0.000000,
0.286575,
0.000000,
0.286755,
0.000000,
0.286936,
0.000000,
0.287119,
0.000000,
0.287304,
0.000000,
0.287492,
0.000000,
0.287681,
0.000000,
0.287872,
0.000000,
0.288066,
0.000000,
0.288261,
0.000000,
0.288458,
0.000000,
0.288657,
0.000000,
0.288859,
0.000000,
0.289062,
0.000000,
0.289267,
0.000000,
0.289475,
0.000000,
0.289684,
0.000000,
0.289895,
0.000000,
0.290109,
0.000000,
0.290324,
0.000000,
0.290541,
0.000000,
0.290760,
0.000000,
0.290982,
0.000000,
0.291205,
0.000000,
0.291430,
0.000000,
0.291658,
0.000000,
0.291887,
0.000000,
0.292118,
0.000000,
0.292351,
0.000000,
0.292586,
0.000000,
0.292824,
0.000000,
0.293063,
0.000000,
0.293304,
0.000000,
0.293547,
0.000000,
0.293792,
0.000000,
0.294039,
0.000000,
0.294288,
0.000000,
0.294539,
0.000000,
0.294792,
0.000000,
0.295047,
0.000000,
0.295304,
0.000000,
0.295563,
0.000000,
0.295824,
0.000000,
0.296087,
0.000000,
0.296352,
0.000000,
0.296618,
0.000000,
0.296887,
0.000000,
0.297158,
0.000000,
0.297431,
0.000000,
0.297705,
0.000000,
0.297982,
0.000000,
0.298260,
0.000000,
0.298541,
0.000000,
0.298823,
0.000000,
0.299108,
0.000000,
0.299394,
0.000000,
0.299682,
0.000000,
0.299973,
0.000000,
0.300265,
0.000000,
0.300559,
0.000000,
0.300855,
0.000000,
0.301153,
0.000000,
0.301453,
0.000000,
0.301755,
0.000000,
0.302059,
0.000000,
0.302365,
0.000000,
0.302673,
0.000000,
0.302982,
0.000000,
0.303294,
0.000000,
0.303608,
0.000000,
0.303923,
0.000000,
0.304241,
0.000000,
0.304560,
0.000000,
0.304881,
0.000000,
0.305205,
0.000000,
0.305530,
0.000000,
0.305857,
0.000000,
0.306186,
0.000000,
0.306517,
0.000000,
0.306849,
0.000000,
0.307184,
0.000000,
0.307521,
0.000000,
0.307859,
0.000000,
0.308200,
0.000000,
0.308542,
0.000000,
0.308887,
0.000000,
0.309233,
0.000000,
0.309581,
0.000000,
0.309931,
0.000000,
0.310283,
0.000000,
0.310637,
0.000000,
0.310992,
0.000000,
0.311350,
0.000000,
0.311710,
0.000000,
0.312071,
0.000000,
0.312434,
0.000000,
0.312800,
0.000000,
0.313167,
0.000000,
0.313536,
0.000000,
0.313906,
0.000000,
0.314279,
0.000000,
0.314654,
0.000000,
0.315030,
0.000000,
0.315409,
0.000000,
0.315789,
0.000000,
0.316171,
0.000000,
0.316555,
0.000000,
0.316941,
0.000000,
0.317329,
0.000000,
0.317718,
0.000000,
0.318110,
0.000000,
0.318503,
0.000000,
0.318898,
0.000000,
0.319296,
0.000000,
0.319695,
0.000000,
0.320095,
0.000000,
0.320498,
0.000000,
0.320902,
0.000000,
0.321309,
0.000000,
0.321717,
0.000000,
0.322127,
0.000000,
0.322539,
0.000000,
0.322953,
0.000000,
0.323368,
0.000000,
0.323786,
0.000000,
0.324205,
0.000000,
0.324626,
0.000000,
0.325049,
0.000000,
0.325474,
0.000000,
0.325900,
0.000000,
0.326329,
0.000000,
0.326759,
0.000000,
0.327191,
0.000000,
0.327625,
0.000000,
0.328061,
0.000000,
0.328498,
0.000000,
0.328938,
0.000000,
0.329379,
0.000000,
0.329822,
0.000000,
0.330267,
0.000000,
0.330713,
0.000000,
0.331162,
0.000000,
0.331612,
0.000000,
0.332064,
0.000000,
0.332518,
0.000000,
0.332974,
0.000000,
0.333431,
0.000000,
0.333890,
0.000000,
0.334351,
0.000000,
0.334814,
0.000000,
0.335279,
0.000000,
0.335745,
0.000000,
0.336213,
0.000000,
0.336683,
0.000000,
0.337155,
0.000000,
0.337629,
0.000000,
0.338104,
0.000000,
0.338581,
0.000000,
0.339060,
0.000000,
0.339540,
0.000000,
0.340023,
0.000000,
0.340507,
0.000000,
0.340993,
0.000000,
0.341480,
0.000000,
0.341970,
0.000000,
0.342461,
0.000000,
0.342954,
0.000000,
0.343449,
0.000000,
0.343945,
0.000000,
0.344443,
0.000000,
0.344943,
0.000000,
0.345445,
0.000000,
0.345948,
0.000000,
0.346453,
0.000000,
0.346960,
0.000000,
0.347469,
0.000000,
0.347979,
0.000000,
0.348491,
0.000000,
0.349005,
0.000000,
0.349521,
0.000000,
0.350038,
0.000000,
0.350557,
0.000000,
0.351078,
0.000000,
0.351600,
0.000000,
0.352124,
0.000000,
0.352650,
0.000000,
0.353178,
0.000000,
0.353707,
0.000000,
0.354238,
0.000000,
0.354770,
0.000000,
0.355305,
0.000000,
0.355841,
0.000000,
0.356379,
0.000000,
0.356918,
0.000000,
0.357459,
0.000000,
0.358002,
0.000000,
0.358547,
0.000000,
0.359093,
0.000000,
0.359641,
0.000000,
0.360190,
0.000000,
0.360741,
0.000000,
0.361294,
0.000000,
0.361849,
0.000000,
0.362405,
0.000000,
0.362963,
0.000000,
0.363523,
0.000000,
0.364084,
0.000000,
0.364647,
0.000000,
0.365211,
0.000000,
0.365777,
0.000000,
0.366345,
0.000000,
0.366915,
0.000000,
0.367486,
0.000000,
0.368059,
0.000000,
0.368633,
0.000000,
0.369209,
0.000000,
0.369787,
0.000000,
0.370366,
0.000000,
0.370947,
0.000000,
0.371530,
0.000000,
0.372114,
0.000000,
0.372700,
0.000000,
0.373287,
0.000000,
0.373876,
0.000000,
0.374467,
0.000000,
0.375059,
0.000000,
0.375653,
0.000000,
0.376249,
0.000000,
0.376846,
0.000000,
0.377445,
0.000000,
0.378045,
0.000000,
0.378647,
0.000000,
0.379250,
0.000000,
0.379856,
0.000000,
0.380462,
0.000000,
0.381071,
0.000000,
0.381681,
0.000000,
0.382292,
0.000000,
0.382905,
0.000000,
0.383520,
0.000000,
0.384136,
0.000000,
0.384754,
0.000000,
0.385373,
0.000000,
0.385994,
0.000000,
0.386616,
0.000000,
0.387240,
0.000000,
0.387866,
0.000000,
0.388493,
0.000000,
0.389122,
0.000000,
0.389752,
0.000000,
0.390384,
0.000000,
0.391017,
0.000000,
0.391652,
0.000000,
0.392289,
0.000000,
0.392927,
0.000000,
0.393566,
0.000000,
0.394207,
0.000000,
0.394850,
0.000000,
0.395494,
0.000000,
0.396139,
0.000000,
0.396786,
0.000000,
0.397435,
0.000000,
0.398085,
0.000000,
0.398737,
0.000000,
0.399390,
0.000000,
0.400045,
0.000000,
0.400701,
0.000000,
0.401359,
0.000000,
0.402018,
0.000000,
0.402679,
0.000000,
0.403341,
0.000000,
0.404004,
0.000000,
0.404670,
0.000000,
0.405336,
0.000000,
0.406004,
0.000000,
0.406674,
0.000000,
0.407345,
0.000000,
0.408018,
0.000000,
0.408692,
0.000000,
0.409367,
0.000000,
0.410044,
0.000000,
0.410722,
0.000000,
0.411402,
0.000000,
0.412084,
0.000000,
0.412766,
0.000000,
0.413451,
0.000000,
0.414136,
0.000000,
0.414824,
0.000000,
0.415512,
0.000000,
0.416202,
0.000000,
0.416894,
0.000000,
0.417586,
0.000000,
0.418281,
0.000000,
0.418977,
0.000000,
0.419674,
0.000000,
0.420372,
0.000000,
0.421072,
0.000000,
0.421774,
0.000000,
0.422477,
0.000000,
0.423181,
0.000000,
0.423886,
0.000000,
0.424594,
0.000000,
0.425302,
0.000000,
0.426012,
0.000000,
0.426723,
0.000000,
0.427436,
0.000000,
0.428150,
0.000000,
0.428865,
0.000000,
0.429582,
0.000000,
0.430300,
0.000000,
0.431020,
0.000000,
0.431741,
0.000000,
0.432463,
0.000000,
0.433187,
0.000000,
0.433912,
0.000000,
0.434638,
0.000000,
0.435366,
0.000000,
0.436095,
0.000000,
0.436826,
0.000000,
0.437558,
0.000000,
0.438291,
0.000000,
0.439025,
0.000000,
0.439761,
0.000000,
0.440499,
0.000000,
0.441237,
0.000000,
0.441977,
0.000000,
0.442718,
0.000000,
0.443461,
0.000000,
0.444205,
0.000000,
0.444950,
0.000000,
0.445696,
0.000000,
0.446444,
0.000000,
0.447193,
0.000000,
0.447944,
0.000000,
0.448696,
0.000000,
0.449449,
0.000000,
0.450203,
0.000000,
0.450959,
0.000000,
0.451716,
0.000000,
0.452474,
0.000000,
0.453234,
0.000000,
0.453995,
0.000000,
0.454757,
0.000000,
0.455520,
0.000000,
0.456285,
0.000000,
0.457051,
0.000000,
0.457818,
0.000000,
0.458587,
0.000000,
0.459356,
0.000000,
0.460127,
0.000000,
0.460900,
0.000000,
0.461673,
0.000000,
0.462448,
0.000000,
0.463224,
0.000000,
0.464001,
0.000000,
0.464780,
0.000000,
0.465560,
0.000000,
0.466341,
0.000000,
0.467123,
0.000000,
0.467907,
0.000000,
0.468691,
0.000000,
0.469477,
0.000000,
0.470264,
0.000000,
0.471053,
0.000000,
0.471842,
0.000000,
0.472633,
0.000000,
0.473425,
0.000000,
0.474218,
0.000000,
0.475013,
0.000000,
0.475809,
0.000000,
0.476605,
0.000000,
0.477403,
0.000000,
0.478203,
0.000000,
0.479003,
0.000000,
0.479805,
0.000000,
0.480608,
0.000000,
0.481412,
0.000000,
0.482217,
0.000000,
0.483023,
0.000000,
0.483830,
0.000000,
0.484639,
0.000000,
0.485449,
0.000000,
0.486260,
0.000000,
0.487072,
0.000000,
0.487885,
0.000000,
0.488700,
0.000000,
0.489515,
0.000000,
0.490332,
0.000000,
0.491150,
0.000000,
0.491969,
0.000000,
0.492789,
0.000000,
0.493611,
0.000000,
0.494433,
0.000000,
0.495257,
0.000000,
0.496081,
0.000000,
0.496907,
0.000000,
0.497734,
0.000000,
0.498562,
0.000000,
0.499391,
0.000000,
0.500221,
0.000000,
0.501053,
0.000000,
0.501885,
0.000000,
0.502719,
0.000000,
0.503553,
0.000000,
0.504389,
0.000000,
0.505226,
0.000000,
0.506064,
0.000000,
0.506903,
0.000000,
0.507743,
0.000000,
0.508584,
0.000000,
0.509427,
0.000000,
0.510270,
0.000000,
0.511114,
0.000000,
0.511960,
0.000000,
0.512806,
0.000000,
0.513654,
0.000000,
0.514502,
0.000000,
0.515352,
0.000000,
0.516203,
0.000000,
0.517055,
0.000000,
0.517907,
0.000000,
0.518761,
0.000000,
0.519616,
0.000000,
0.520472,
0.000000,
0.521329,
0.000000,
0.522187,
0.000000,
0.523046,
0.000000,
0.523906,
0.000000,
0.524767,
0.000000,
0.525629,
0.000000,
0.526492,
0.000000,
0.527356,
0.000000,
0.528222,
0.000000,
0.529088,
0.000000,
0.529955,
0.000000,
0.530823,
0.000000,
0.531692,
0.000000,
0.532562,
0.000000,
0.533433,
0.000000,
0.534305,
0.000000,
0.535178,
0.000000,
0.536052,
0.000000,
0.536927,
0.000000,
0.537803,
0.000000,
0.538680,
0.000000,
0.539558,
0.000000,
0.540437,
0.000000,
0.541317,
0.000000,
0.542197,
0.000000,
0.543079,
0.000000,
0.543962,
0.000000,
0.544845,
0.000000,
0.545730,
0.000000,
0.546615,
0.000000,
0.547502,
0.000000,
0.548389,
0.000000,
0.549277,
0.000000,
0.550167,
0.000000,
0.551057,
0.000000,
0.551948,
0.000000,
0.552840,
0.000000,
0.553733,
0.000000,
0.554627,
0.000000,
0.555521,
0.000000,
0.556417,
0.000000,
0.557313,
0.000000,
0.558211,
0.000000,
0.559109,
0.000000,
0.560008,
0.000000,
0.560909,
0.000000,
0.561810,
0.000000,
0.562711,
0.000000,
0.563614,
0.000000,
0.564518,
0.000000,
0.565422,
0.000000,
0.566328,
0.000000,
0.567234,
0.000000,
0.568141,
0.000000,
0.569049,
0.000000,
0.569958,
0.000000,
0.570868,
0.000000,
0.571778,
0.000000,
0.572690,
0.000000,
0.573602,
0.000000,
0.574515,
0.000000,
0.575429,
0.000000,
0.576344,
0.000000,
0.577259,
0.000000,
0.578176,
0.000000,
0.579093,
0.000000,
0.580011,
0.000000,
0.580930,
0.000000,
0.581850,
0.000000,
0.582770,
0.000000,
0.583692,
0.000000,
0.584614,
0.000000,
0.585537,
0.000000,
0.586460,
0.000000,
0.587385,
0.000000,
0.588310,
0.000000,
0.589237,
0.000000,
0.590163,
0.000000,
0.591091,
0.000000,
0.592020,
0.000000,
0.592949,
0.000000,
0.593879,
0.000000,
0.594810,
0.000000,
0.595742,
0.000000,
0.596674,
0.000000,
0.597607,
0.000000,
0.598541,
0.000000,
0.599476,
0.000000,
0.600411,
0.000000,
0.601347,
0.000000,
0.602284,
0.000000,
0.603222,
0.000000,
0.604161,
0.000000,
0.605100,
0.000000,
0.606040,
0.000000,
0.606980,
0.000000,
0.607922,
0.000000,
0.608864,
0.000000,
0.609807,
0.000000,
0.610750,
0.000000,
0.611695,
0.000000,
0.612640,
0.000000,
0.613585,
0.000000,
0.614532,
0.000000,
0.615479,
0.000000,
0.616427,
0.000000,
0.617375,
0.000000,
0.618325,
0.000000,
0.619275,
0.000000,
0.620225,
0.000000,
0.621176,
0.000000,
0.622128,
0.000000,
0.623081,
0.000000,
0.624035,
0.000000,
0.624989,
0.000000,
0.625943,
0.000000,
0.626899,
0.000000,
0.627855,
0.000000,
0.628812,
0.000000,
0.629769,
0.000000,
0.630727,
0.000000,
0.631686,
0.000000,
0.632645,
0.000000,
0.633605,
0.000000,
0.634566,
0.000000,
0.635527,
0.000000,
0.636489,
0.000000,
0.637452,
0.000000,
0.638415,
0.000000,
0.639379,
0.000000,
0.640343,
0.000000,
0.641308,
0.000000,
0.642274,
0.000000,
0.643240,
0.000000,
0.644207,
0.000000,
0.645175,
0.000000,
0.646143,
0.000000,
0.647112,
0.000000,
0.648081,
0.000000,
0.649051,
0.000000,
0.650022,
0.000000,
0.650993,
0.000000,
0.651965,
0.000000,
0.652938,
0.000000,
0.653911,
0.000000,
0.654884,
0.000000,
0.655858,
0.000000,
0.656833,
0.000000,
0.657808,
0.000000,
0.658784,
0.000000,
0.659761,
0.000000,
0.660738,
0.000000,
0.661715,
0.000000,
0.662693,
0.000000,
0.663672,
0.000000,
0.664651,
0.000000,
0.665631,
0.000000,
0.666612,
0.000000,
0.667592,
0.000000,
0.668574,
0.000000,
0.669556,
0.000000,
0.670538,
0.000000,
0.671521,
0.000000,
0.672505,
0.000000,
0.673489,
0.000000,
0.674474,
0.000000,
0.675459,
0.000000,
0.676445,
0.000000,
0.677431,
0.000000,
0.678418,
0.000000,
0.679405,
0.000000,
0.680393,
0.000000,
0.681381,
0.000000,
0.682370,
0.000000,
0.683359,
0.000000,
0.684349,
0.000000,
0.685339,
0.000000,
0.686330,
0.000000,
0.687321,
0.000000,
0.688313,
0.000000,
0.689305,
0.000000,
0.690298,
0.000000,
0.691291,
0.000000,
0.692284,
0.000000,
0.693278,
0.000000,
0.694273,
0.000000,
0.695268,
0.000000,
0.696264,
0.000000,
0.697259,
0.000000,
0.698256,
0.000000,
0.699253,
0.000000,
0.700250,
0.000000,
0.701248,
0.000000,
0.702246,
0.000000,
0.703245,
0.000000,
0.704244,
0.000000,
0.705243,
0.000000,
0.706243,
0.000000,
0.707244,
0.000000,
0.708245,
0.000000,
0.709246,
0.000000,
0.710248,
0.000000,
0.711250,
0.000000,
0.712252,
0.000000,
0.713255,
0.000000,
0.714258,
0.000000,
0.715262,
0.000000,
0.716266,
0.000000,
0.717271,
0.000000,
0.718276,
0.000000,
0.719281,
0.000000,
0.720287,
0.000000,
0.721293,
0.000000,
0.722300,
0.000000,
0.723307,
0.000000,
0.724314,
0.000000,
0.725322,
0.000000,
0.726330,
0.000000,
0.727338,
0.000000,
0.728347,
0.000000,
0.729356,
0.000000,
0.730366,
0.000000,
0.731376,
0.000000,
0.732386,
0.000000,
0.733397,
0.000000,
0.734408,
0.000000,
0.735419,
0.000000,
0.736431,
0.000000,
0.737443,
0.000000,
0.738455,
0.000000,
0.739468,
0.000000,
0.740481,
0.000000,
0.741494,
0.000000,
0.742508,
0.000000,
0.743522,
0.000000,
0.744537,
0.000000,
0.745552,
0.000000,
0.746567,
0.000000,
0.747582,
0.000000,
0.748598,
0.000000,
0.749614,
0.000000,
0.750630,
0.000000,
0.751647,
0.000000,
0.752664,
0.000000,
0.753681,
0.000000,
0.754699,
0.000000,
0.755717,
0.000000,
0.756735,
0.000000,
0.757753,
0.000000,
0.758772,
0.000000,
0.759791,
0.000000,
0.760810,
0.000000,
0.761830,
0.000000,
0.762850,
0.000000,
0.763870,
0.000000,
0.764891,
0.000000,
0.765911,
0.000000,
0.766932,
0.000000,
0.767954,
0.000000,
0.768975,
0.000000,
0.769997,
0.000000,
0.771019,
0.000000,
0.772041,
0.000000,
0.773064,
0.000000,
0.774087,
0.000000,
0.775110,
0.000000,
0.776133,
0.000000,
0.777157,
0.000000,
0.778181,
0.000000,
0.779205,
0.000000,
0.780229,
0.000000,
0.781254,
0.000000,
0.782278,
0.000000,
0.783303,
0.000000,
0.784329,
0.000000,
0.785354,
0.000000,
0.786380,
0.000000,
0.787406,
0.000000,
0.788432,
0.000000,
0.789458,
0.000000,
0.790485,
0.000000,
0.791511,
0.000000,
0.792538,
0.000000,
0.793566,
0.000000,
0.794593,
0.000000,
0.795620,
0.000000,
0.796648,
0.000000,
0.797676,
0.000000,
0.798704,
0.000000,
0.799733,
0.000000,
0.800761,
0.000000,
0.801790,
0.000000,
0.802819,
0.000000,
0.803848,
0.000000,
0.804877,
0.000000,
0.805907,
0.000000,
0.806936,
0.000000,
0.807966,
0.000000,
0.808996,
0.000000,
0.810026,
0.000000,
0.811056,
0.000000,
0.812087,
0.000000,
0.813117,
0.000000,
0.814148,
0.000000,
0.815179,
0.000000,
0.816210,
0.000000,
0.817241,
0.000000,
0.818272,
0.000000,
0.819304,
0.000000,
0.820336,
0.000000,
0.821367,
0.000000,
0.822399,
0.000000,
0.823431,
0.000000,
0.824463,
0.000000,
0.825496,
0.000000,
0.826528,
0.000000,
0.827561,
0.000000,
0.828593,
0.000000,
0.829626,
0.000000,
0.830659,
0.000000,
0.831692,
0.000000,
0.832725,
0.000000,
0.833758,
0.000000,
0.834791,
0.000000,
0.835825,
0.000000,
0.836858,
0.000000,
0.837892,
0.000000,
0.838926,
0.000000,
0.839960,
0.000000,
0.840994,
0.000000,
0.842028,
0.000000,
0.843062,
0.000000,
0.844096,
0.000000,
0.845130,
0.000000,
0.846164,
0.000000,
0.847199,
0.000000,
0.848233,
0.000000,
0.849268,
0.000000,
0.850303,
0.000000,
0.851337,
0.000000,
0.852372,
0.000000,
0.853407,
0.000000,
0.854442,
0.000000,
0.855477,
0.000000,
0.856512,
0.000000,
0.857547,
0.000000,
0.858582,
0.000000,
0.859617,
0.000000,
0.860652,
0.000000,
0.861688,
0.000000,
0.862723,
0.000000,
0.863758,
0.000000,
0.864794,
0.000000,
0.865829,
0.000000,
0.866865,
0.000000,
0.867900,
0.000000,
0.868936,
0.000000,
0.869971,
0.000000,
0.871007,
0.000000,
0.872042,
0.000000,
0.873078,
0.000000,
0.874114,
0.000000,
0.875149,
0.000000,
0.876185,
0.000000,
0.877221,
0.000000,
0.878257,
0.000000,
0.879292,
0.000000,
0.880328,
0.000000,
0.881364,
0.000000,
0.882399,
0.000000,
0.883435,
0.000000,
0.884471,
0.000000,
0.885507,
0.000000,
0.886542,
0.000000,
0.887578,
0.000000,
0.888614,
0.000000,
0.889649,
0.000000,
0.890685,
0.000000,
0.891721,
0.000000,
0.892756,
0.000000,
0.893792,
0.000000,
0.894827,
0.000000,
0.895863,
0.000000,
0.896898,
0.000000,
0.897934,
0.000000,
0.898969,
0.000000,
0.900005,
0.000000,
0.901040,
0.000000,
0.902076,
0.000000,
0.903111,
0.000000,
0.904146,
0.000000,
0.905181,
0.000000,
0.906216,
0.000000,
0.907252,
0.000000,
0.908287,
0.000000,
0.909322,
0.000000,
0.910357,
0.000000,
0.911391,
0.000000,
0.912426,
0.000000,
0.913461,
0.000000,
0.914496,
0.000000,
0.915530,
0.000000,
0.916565,
0.000000,
0.917599,
0.000000,
0.918634,
0.000000,
0.919668,
0.000000,
0.920702,
0.000000,
0.921736,
0.000000,
0.922771,
0.000000,
0.923805,
0.000000,
0.924838,
0.000000,
0.925872,
0.000000,
0.926906,
0.000000,
0.927940,
0.000000,
0.928973,
0.000000,
0.930007,
0.000000,
0.931040,
0.000000,
0.932073,
0.000000,
0.933107,
0.000000,
0.934140,
0.000000,
0.935173,
0.000000,
0.936205,
0.000000,
0.937238,
0.000000,
0.938271,
0.000000,
0.939303,
0.000000,
0.940336,
0.000000,
0.941368,
0.000000,
0.942400,
0.000000,
0.943432,
0.000000,
0.944464,
0.000000,
0.945496,
0.000000,
0.946527,
0.000000,
0.947559,
0.000000,
0.948590,
0.000000,
0.949621,
0.000000,
0.950653,
0.000000,
0.951683,
0.000000,
0.952714,
0.000000,
0.953745,
0.000000,
0.954776,
0.000000,
0.955806,
0.000000,
0.956836,
0.000000,
0.957866,
0.000000,
0.958896,
0.000000,
0.959926,
0.000000,
0.960956,
0.000000,
0.961985,
0.000000,
0.963014,
0.000000,
0.964044,
0.000000,
0.965073,
0.000000,
0.966101,
0.000000,
0.967130,
0.000000,
0.968158,
0.000000,
0.969187,
0.000000,
0.970215,
0.000000,
0.971243,
0.000000,
0.972271,
0.000000,
0.973298,
0.000000,
0.974326,
0.000000,
0.975353,
0.000000,
0.976380,
0.000000,
0.977407,
0.000000,
0.978434,
0.000000,
0.979460,
0.000000,
0.980486,
0.000000,
0.981512,
0.000000,
0.982538,
0.000000,
0.983564,
0.000000,
0.984590,
0.000000,
0.985615,
0.000000,
0.986640,
0.000000,
0.987665,
0.000000,
0.988689,
0.000000,
0.989714,
0.000000,
0.990738,
0.000000,
0.991762,
0.000000,
0.992786,
0.000000,
0.993810,
0.000000,
0.994833,
0.000000,
0.995856,
0.000000,
0.996879,
0.000000,
0.997902,
0.000000,
0.998925,
0.000000,
0.999947,
0.000000,
1.000969,
0.000000,
1.001991,
0.000000,
1.003012,
0.000000,
1.004034,
0.000000,
1.005055,
0.000000,
1.006076,
0.000000,
1.007096,
0.000000,
1.008117,
0.000000,
1.009137,
0.000000,
1.010157,
0.000000,
1.011176,
0.000000,
1.012196,
0.000000,
1.013215,
0.000000,
1.014234,
0.000000,
1.015252,
0.000000,
1.016271,
0.000000,
1.017289,
0.000000,
1.018307,
0.000000,
1.019324,
0.000000,
1.020342,
0.000000,
1.021359,
0.000000,
1.022376,
0.000000,
1.023392,
0.000000,
1.024408,
0.000000,
1.025424,
0.000000,
1.026440,
0.000000,
1.027456,
0.000000,
1.028471,
0.000000,
1.029486,
0.000000,
1.030500,
0.000000,
1.031515,
0.000000,
1.032529,
0.000000,
1.033542,
0.000000,
1.034556,
0.000000,
1.035569,
0.000000,
1.036582,
0.000000,
1.037594,
0.000000,
1.038607,
0.000000,
1.039619,
0.000000,
1.040630,
0.000000,
1.041642,
0.000000,
1.042653,
0.000000,
1.043664,
0.000000,
1.044674,
0.000000,
1.045684,
0.000000,
1.046694,
0.000000,
1.047704,
0.000000,
1.048713,
0.000000,
1.049722,
0.000000,
1.050731,
0.000000,
1.051739,
0.000000,
1.052747,
0.000000,
1.053755,
0.000000,
1.054762,
0.000000,
1.055769,
0.000000,
1.056776,
0.000000,
1.057782,
0.000000,
1.058788,
0.000000,
1.059794,
0.000000,
1.060799,
0.000000,
1.061804,
0.000000,
1.062809,
0.000000,
1.063813,
0.000000,
1.064817,
0.000000,
1.065821,
0.000000,
1.066824,
0.000000,
1.067827,
0.000000,
1.068830,
0.000000,
1.069832,
0.000000,
1.070834,
0.000000,
1.071836,
0.000000,
1.072837,
0.000000,
1.073838,
0.000000,
1.074838,
0.000000,
1.075838,
0.000000,
1.076838,
0.000000,
1.077838,
0.000000,
1.078837,
0.000000,
1.079836,
0.000000,
1.080834,
0.000000,
1.081832,
0.000000,
1.082830,
0.000000,
1.083827,
0.000000,
1.084824,
0.000000,
1.085820,
0.000000,
1.086816,
0.000000,
1.087812,
0.000000,
1.088807,
0.000000,
1.089802,
0.000000,
1.090797,
0.000000,
1.091791,
0.000000,
1.092785,
0.000000,
1.093779,
0.000000,
1.094772,
0.000000,
1.095764,
0.000000,
1.096757,
0.000000,
1.097749,
0.000000,
1.098740,
0.000000,
1.099731,
0.000000,
1.100722,
0.000000,
1.101712,
0.000000,
1.102702,
0.000000,
1.103692,
0.000000,
1.104681,
0.000000,
1.105670,
0.000000,
1.106658,
0.000000,
1.107646,
0.000000,
1.108633,
0.000000,
1.109620,
0.000000,
1.110607,
0.000000,
1.111593,
0.000000,
1.112579,
0.000000,
1.113564,
0.000000,
1.114549,
0.000000,
1.115534,
0.000000,
1.116518,
0.000000,
1.117502,
0.000000,
1.118485,
0.000000,
1.119468,
0.000000,
1.120451,
0.000000,
1.121433,
0.000000,
1.122414,
0.000000,
1.123395,
0.000000,
1.124376,
0.000000,
1.125356,
0.000000,
1.126336,
0.000000,
1.127315,
0.000000,
1.128294,
0.000000,
1.129273,
0.000000,
1.130251,
0.000000,
1.131229,
0.000000,
1.132206,
0.000000,
1.133183,
0.000000,
1.134159,
0.000000,
1.135135,
0.000000,
1.136110,
0.000000,
1.137085,
0.000000,
1.138059,
0.000000,
1.139033,
0.000000,
1.140007,
0.000000,
1.140980,
0.000000,
1.141953,
0.000000,
1.142925,
0.000000,
1.143897,
0.000000,
1.144868,
0.000000,
1.145838,
0.000000,
1.146809,
0.000000,
1.147779,
0.000000,
1.148748,
0.000000,
1.149717,
0.000000,
1.150685,
0.000000,
1.151653,
0.000000,
1.152621,
0.000000,
1.153588,
0.000000,
1.154554,
0.000000,
1.155520,
0.000000,
1.156485,
0.000000,
1.157451,
0.000000,
1.158415,
0.000000,
1.159379,
0.000000,
1.160343,
0.000000,
1.161306,
0.000000,
1.162268,
0.000000,
1.163230,
0.000000,
1.164192,
0.000000,
1.165153,
0.000000,
1.166114,
0.000000,
1.167074,
0.000000,
1.168033,
0.000000,
1.168992,
0.000000,
1.169951,
0.000000,
1.170909,
0.000000,
1.171866,
0.000000,
1.172824,
0.000000,
1.173780,
0.000000,
1.174736,
0.000000,
1.175692,
0.000000,
1.176647,
0.000000,
1.177601,
0.000000,
1.178555,
0.000000,
1.179508,
0.000000,
1.180461,
0.000000,
1.181414,
0.000000,
1.182366,
0.000000,
1.183317,
0.000000,
1.184268,
0.000000,
1.185218,
0.000000,
1.186168,
0.000000,
1.187117,
0.000000,
1.188066,
0.000000,
1.189014,
0.000000,
1.189961,
0.000000,
1.190908,
0.000000,
1.191855,
0.000000,
1.192801,
0.000000,
1.193746,
0.000000,
1.194691,
0.000000,
1.195636,
0.000000,
1.196580,
0.000000,
1.197523,
0.000000,
1.198466,
0.000000,
1.199408,
0.000000,
1.200349,
0.000000,
1.201290,
0.000000,
1.202231,
0.000000,
1.203171,
0.000000,
1.204110,
0.000000,
1.205049,
0.000000,
1.205987,
0.000000,
1.206925,
0.000000,
1.207862,
0.000000,
1.208799,
0.000000,
1.209735,
0.000000,
1.210670,
0.000000,
1.211605,
0.000000,
1.212540,
0.000000,
1.213473,
0.000000,
1.214407,
0.000000,
1.215339,
0.000000,
1.216271,
0.000000,
1.217203,
0.000000,
1.218133,
0.000000,
1.219064,
0.000000,
1.219993,
0.000000,
1.220923,
0.000000,
1.221851,
0.000000,
1.222779,
0.000000,
1.223706,
0.000000,
1.224633,
0.000000,
1.225559,
0.000000,
1.226485,
0.000000,
1.227410,
0.000000,
1.228334,
0.000000,
1.229258,
0.000000,
1.230181,
0.000000,
1.231104,
0.000000,
1.232026,
0.000000,
1.232947,
0.000000,
1.233868,
0.000000,
1.234788,
0.000000,
1.235708,
0.000000,
1.236627,
0.000000,
1.237545,
0.000000,
1.238463,
0.000000,
1.239380,
0.000000,
1.240297,
0.000000,
1.241213,
0.000000,
1.242128,
0.000000,
1.243043,
0.000000,
1.243957,
0.000000,
1.244870,
0.000000,
1.245783,
0.000000,
1.246695,
0.000000,
1.247607,
0.000000,
1.248518,
0.000000,
1.249428,
0.000000,
1.250338,
0.000000,
1.251247,
0.000000,
1.252156,
0.000000,
1.253063,
0.000000,
1.253971,
0.000000,
1.254877,
0.000000,
1.255783,
0.000000,
1.256688,
0.000000,
1.257593,
0.000000,
1.258497,
0.000000,
1.259400,
0.000000,
1.260303,
0.000000,
1.261205,
0.000000,
1.262106,
0.000000,
1.263007,
0.000000,
1.263907,
0.000000,
1.264807,
0.000000,
1.265706,
0.000000,
1.266604,
0.000000,
1.267501,
0.000000,
1.268398,
0.000000,
1.269294,
0.000000,
1.270190,
0.000000,
1.271085,
0.000000,
1.271979,
0.000000,
1.272872,
0.000000,
1.273765,
0.000000,
1.274658,
0.000000,
1.275549,
0.000000,
1.276440,
0.000000,
1.277330,
0.000000,
1.278220,
0.000000,
1.279109,
0.000000,
1.279997,
0.000000,
1.280884,
0.000000,
1.281771,
0.000000,
1.282657,
0.000000,
1.283543,
0.000000,
1.284428,
0.000000,
1.285312,
0.000000,
1.286195,
0.000000,
1.287078,
0.000000,
1.287960,
0.000000,
1.288841,
0.000000,
1.289722,
0.000000,
1.290602,
0.000000,
1.291481,
0.000000,
1.292360,
0.000000,
1.293238,
0.000000,
1.294115,
0.000000,
1.294992,
0.000000,
1.295867,
0.000000,
1.296743,
0.000000,
1.297617,
0.000000,
1.298491,
0.000000,
1.299364,
0.000000,
1.300236,
0.000000,
1.301108,
0.000000,
1.301978,
0.000000,
1.302849,
0.000000,
1.303718,
0.000000,
1.304587,
0.000000,
1.305455,
0.000000,
1.306322,
0.000000,
1.307189,
0.000000,
1.308055,
0.000000,
1.308920,
0.000000,
1.309784,
0.000000,
1.310648,
0.000000,
1.311511,
0.000000,
1.312373,
0.000000,
1.313235,
0.000000,
1.314096,
0.000000,
1.314956,
0.000000,
1.315815,
0.000000,
1.316674,
0.000000,
1.317532,
0.000000,
1.318389,
0.000000,
1.319245,
0.000000,
1.320101,
0.000000,
1.320956,
0.000000,
1.321810,
0.000000,
1.322663,
0.000000,
1.323516,
0.000000,
1.324368,
0.000000,
1.325219,
0.000000,
1.326070,
0.000000,
1.326919,
0.000000,
1.327768,
0.000000,
1.328617,
0.000000,
1.329464,
0.000000,
1.330311,
0.000000,
1.331157,
0.000000,
1.332002,
0.000000,
1.332846,
0.000000,
1.333690,
0.000000,
1.334533,
0.000000,
1.335375,
0.000000,
1.336217,
0.000000,
1.337057,
0.000000,
1.337897,
0.000000,
1.338736,
0.000000,
1.339574,
0.000000,
1.340412,
0.000000,
1.341249,
0.000000,
1.342085,
0.000000,
1.342920,
0.000000,
1.343754,
0.000000,
1.344588,
0.000000,
1.345421,
0.000000,
1.346253,
0.000000,
1.347084,
0.000000,
1.347915,
0.000000,
1.348745,
0.000000,
1.349574,
0.000000,
1.350402,
0.000000,
1.351229,
0.000000,
1.352056,
0.000000,
1.352882,
0.000000,
1.353707,
0.000000,
1.354531,
0.000000,
1.355354,
0.000000,
1.356177,
0.000000,
1.356999,
0.000000,
1.357820,
0.000000,
1.358640,
0.000000,
1.359460,
0.000000,
1.360278,
0.000000,
1.361096,
0.000000,
1.361913,
0.000000,
1.362729,
0.000000,
1.363545,
0.000000,
1.364359,
0.000000,
1.365173,
0.000000,
1.365986,
0.000000,
1.366798,
0.000000,
1.367609,
0.000000,
1.368420,
0.000000,
1.369229,
0.000000,
1.370038,
0.000000,
1.370846,
0.000000,
1.371654,
0.000000,
1.372460,
0.000000,
1.373265,
0.000000,
1.374070,
0.000000,
1.374874,
0.000000,
1.375677,
0.000000,
1.376479,
0.000000,
1.377281,
0.000000,
1.378081,
0.000000,
1.378881,
0.000000,
1.379680,
0.000000,
1.380478,
0.000000,
1.381275,
0.000000,
1.382072,
0.000000,
1.382867,
0.000000,
1.383662,
0.000000,
1.384456,
0.000000,
1.385249,
0.000000,
1.386041,
0.000000,
1.386832,
0.000000,
1.387623,
0.000000,
1.388412,
0.000000,
1.389201,
0.000000,
1.389989,
0.000000,
1.390776,
0.000000,
1.391562,
0.000000,
1.392347,
0.000000,
1.393132,
0.000000,
1.393915,
0.000000,
1.394698,
0.000000,
1.395480,
0.000000,
1.396261,
0.000000,
1.397041,
0.000000,
1.397820,
0.000000,
1.398598,
0.000000,
1.399376,
0.000000,
1.400152,
0.000000,
1.400928,
0.000000,
1.401703,
0.000000,
1.402477,
0.000000,
1.403250,
0.000000,
1.404022,
0.000000,
1.404794,
0.000000,
1.405564,
0.000000,
1.406334,
0.000000,
1.407102,
0.000000,
1.407870,
0.000000,
1.408637,
0.000000,
1.409403,
0.000000,
1.410168,
0.000000,
1.410933,
0.000000,
1.411696,
0.000000,
1.412458,
0.000000,
1.413220,
0.000000,
1.413980,
0.000000,
1.414740,
0.000000,
1.415499,
0.000000,
1.416257,
0.000000,
1.417014,
0.000000,
1.417770,
0.000000,
1.418525,
0.000000,
1.419280,
0.000000,
1.420033,
0.000000,
1.420785,
0.000000,
1.421537,
0.000000,
1.422288,
0.000000,
1.423037,
0.000000,
1.423786,
0.000000,
1.424534,
0.000000,
1.425281,
0.000000,
1.426027,
0.000000,
1.426772,
0.000000,
1.427517,
0.000000,
1.428260,
0.000000,
1.429002,
0.000000,
1.429744,
0.000000,
1.430484,
0.000000,
1.431224,
0.000000,
1.431962,
0.000000,
1.432700,
0.000000,
1.433437,
0.000000,
1.434173,
0.000000,
1.434907,
0.000000,
1.435641,
0.000000,
1.436374,
0.000000,
1.437106,
0.000000,
1.437838,
0.000000,
1.438568,
0.000000,
1.439297,
0.000000,
1.440025,
0.000000,
1.440753,
0.000000,
1.441479,
0.000000,
1.442204,
0.000000,
1.442929,
0.000000,
1.443652,
0.000000,
1.444375,
0.000000,
1.445097,
0.000000,
1.445817,
0.000000,
1.446537,
0.000000,
1.447256,
0.000000,
1.447973,
0.000000,
1.448690,
0.000000,
1.449406,
0.000000,
1.450121,
0.000000,
1.450835,
0.000000,
1.451548,
0.000000,
1.452260,
0.000000,
1.452970,
0.000000,
1.453680,
0.000000,
1.454389,
0.000000,
1.455098,
0.000000,
1.455805,
0.000000,
1.456511,
0.000000,
1.457216,
0.000000,
1.457920,
0.000000,
1.458623,
0.000000,
1.459325,
0.000000,
1.460026,
0.000000,
1.460726,
0.000000,
1.461426,
0.000000,
1.462124,
0.000000,
1.462821,
0.000000,
1.463517,
0.000000,
1.464212,
0.000000,
1.464907,
0.000000,
1.465600,
0.000000,
1.466292,
0.000000,
1.466983,
0.000000,
1.467673,
0.000000,
1.468363,
0.000000,
1.469051,
0.000000,
1.469738,
0.000000,
1.470424,
0.000000,
1.471109,
0.000000,
1.471793,
0.000000,
1.472477,
0.000000,
1.473159,
0.000000,
1.473840,
0.000000,
1.474520,
0.000000,
1.475199,
0.000000,
1.475877,
0.000000,
1.476554,
0.000000,
1.477230,
0.000000,
1.477905,
0.000000,
1.478579,
0.000000,
1.479252,
0.000000,
1.479924,
0.000000,
1.480595,
0.000000,
1.481264,
0.000000,
1.481933,
0.000000,
1.482601,
0.000000,
1.483268,
0.000000,
1.483933,
0.000000,
1.484598,
0.000000,
1.485262,
0.000000,
1.485924,
0.000000,
1.486586,
0.000000,
1.487246,
0.000000,
1.487906,
0.000000,
1.488564,
0.000000,
1.489222,
0.000000,
1.489878,
0.000000,
1.490533,
0.000000,
1.491187,
0.000000,
1.491841,
0.000000,
1.492493,
0.000000,
1.493144,
0.000000,
1.493794,
0.000000,
1.494443,
0.000000,
1.495090,
0.000000,
1.495737,
0.000000,
1.496383,
0.000000,
1.497028,
0.000000,
1.497671,
0.000000,
1.498314,
0.000000,
1.498955,
0.000000,
1.499596,
0.000000,
1.500235,
0.000000,
1.500873,
0.000000,
1.501511,
0.000000,
1.502147,
0.000000,
1.502782,
0.000000,
1.503416,
0.000000,
1.504049,
0.000000,
1.504680,
0.000000,
1.505311,
0.000000,
1.505941,
0.000000,
1.506569,
0.000000,
1.507197,
0.000000,
1.507823,
0.000000,
1.508448,
0.000000,
1.509073,
0.000000,
1.509696,
0.000000,
1.510318,
0.000000,
1.510939,
0.000000,
1.511558,
0.000000,
1.512177,
0.000000,
1.512795,
0.000000,
1.513411,
0.000000,
1.514027,
0.000000,
1.514641,
0.000000,
1.515254,
0.000000,
1.515866,
0.000000,
1.516477,
0.000000,
1.517087,
0.000000,
1.517696,
0.000000,
1.518304,
0.000000,
1.518910,
0.000000,
1.519516,
0.000000,
1.520120,
0.000000,
1.520723,
0.000000,
1.521325,
0.000000,
1.521926,
0.000000,
1.522526,
0.000000,
1.523125,
0.000000,
1.523723,
0.000000,
1.524319,
0.000000,
1.524915,
0.000000,
1.525509,
0.000000,
1.526102,
0.000000,
1.526694,
0.000000,
1.527285,
0.000000,
1.527874,
0.000000,
1.528463,
0.000000,
1.529051,
0.000000,
1.529637,
0.000000,
1.530222,
0.000000,
1.530806,
0.000000,
1.531389,
0.000000,
1.531971,
0.000000,
1.532551,
0.000000,
1.533131,
0.000000,
1.533709,
0.000000,
1.534286,
0.000000,
1.534862,
0.000000,
1.535437,
0.000000,
1.536011,
0.000000,
1.536583,
0.000000,
1.537155,
0.000000,
1.537725,
0.000000,
1.538294,
0.000000,
1.538862,
0.000000,
1.539429,
0.000000,
1.539995,
0.000000,
1.540559,
0.000000,
1.541122,
0.000000,
1.541685,
0.000000,
1.542245,
0.000000,
1.542805,
0.000000,
1.543364,
0.000000,
1.543921,
0.000000,
1.544478,
0.000000,
1.545033,
0.000000,
1.545587,
0.000000,
1.546140,
0.000000,
1.546691,
0.000000,
1.547242,
0.000000,
1.547791,
0.000000,
1.548339,
0.000000,
1.548886,
0.000000,
1.549431,
0.000000,
1.549976,
0.000000,
1.550519,
0.000000,
1.551061,
0.000000,
1.551602,
0.000000,
1.552142,
0.000000,
1.552681,
0.000000,
1.553218,
0.000000,
1.553754,
0.000000,
1.554289,
0.000000,
1.554823,
0.000000,
1.555356,
0.000000,
1.555887,
0.000000,
1.556417,
0.000000,
1.556946,
0.000000,
1.557474,
0.000000,
1.558001,
0.000000,
1.558526,
0.000000,
1.559050,
0.000000,
1.559573,
0.000000,
1.560095,
0.000000,
1.560616,
0.000000,
1.561135,
0.000000,
1.561653,
0.000000,
1.562170,
0.000000,
1.562686,
0.000000,
1.563200,
0.000000,
1.563713,
0.000000,
1.564226,
0.000000,
1.564736,
0.000000,
1.565246,
0.000000,
1.565754,
0.000000,
1.566262,
0.000000,
1.566767,
0.000000,
1.567272,
0.000000,
1.567776,
0.000000,
1.568278,
0.000000,
1.568779,
0.000000,
1.569279,
0.000000,
1.569777,
0.000000,
1.570275,
0.000000,
1.570771,
0.000000,
1.571266,
0.000000,
1.571759,
0.000000,
1.572252,
0.000000,
1.572743,
0.000000,
1.573233,
0.000000,
1.573721,
0.000000,
1.574209,
0.000000,
1.574695,
0.000000,
1.575180,
0.000000,
1.575664,
0.000000,
1.576146,
0.000000,
1.576627,
0.000000,
1.577107,
0.000000,
1.577586,
0.000000,
1.578063,
0.000000,
1.578539,
0.000000,
1.579014,
0.000000,
1.579488,
0.000000,
1.579960,
0.000000,
1.580431,
0.000000,
1.580901,
0.000000,
1.581370,
0.000000,
1.581837,
0.000000,
1.582303,
0.000000,
1.582768,
0.000000,
1.583232,
0.000000,
1.583694,
0.000000,
1.584155,
0.000000,
1.584615,
0.000000,
1.585073,
0.000000,
1.585531,
0.000000,
1.585986,
0.000000,
1.586441,
0.000000,
1.586895,
0.000000,
1.587347,
0.000000,
1.587797,
0.000000,
1.588247,
0.000000,
1.588695,
0.000000,
1.589142,
0.000000,
1.589588,
0.000000,
1.590032,
0.000000,
1.590476,
0.000000,
1.590917,
0.000000,
1.591358,
0.000000,
1.591797,
0.000000,
1.592235,
0.000000,
1.592672,
0.000000,
1.593107,
0.000000,
1.593541,
0.000000,
1.593974,
0.000000,
1.594406,
0.000000,
1.594836,
0.000000,
1.595265,
0.000000,
1.595693,
0.000000,
1.596119,
0.000000,
1.596544,
0.000000,
1.596968,
0.000000,
1.597390,
0.000000,
1.597811,
0.000000,
1.598231,
0.000000,
1.598649,
0.000000,
1.599067,
0.000000,
1.599482,
0.000000,
1.599897,
0.000000,
1.600310,
0.000000,
1.600722,
0.000000,
1.601133,
0.000000,
1.601542,
0.000000,
1.601950,
0.000000,
1.602357,
0.000000,
1.602762,
0.000000,
1.603166,
0.000000,
1.603569,
0.000000,
1.603971,
0.000000,
1.604371,
0.000000,
1.604769,
0.000000,
1.605167,
0.000000,
1.605563,
0.000000,
1.605958,
0.000000,
1.606351,
0.000000,
1.606743,
0.000000,
1.607134,
0.000000,
1.607524,
0.000000,
1.607912,
0.000000,
1.608299,
0.000000,
1.608684,
0.000000,
1.609068,
0.000000,
1.609451,
0.000000,
1.609832,
0.000000,
1.610213,
0.000000,
1.610591,
0.000000,
1.610969,
0.000000,
1.611345,
0.000000,
1.611720,
0.000000,
1.612093,
0.000000,
1.612465,
0.000000,
1.612836,
0.000000,
1.613205,
0.000000,
1.613573,
0.000000,
1.613940,
0.000000,
1.614306,
0.000000,
1.614670,
0.000000,
1.615032,
0.000000,
1.615394,
0.000000,
1.615753,
0.000000,
1.616112,
0.000000,
1.616469,
0.000000,
1.616825,
0.000000,
1.617180,
0.000000,
1.617533,
0.000000,
1.617885,
0.000000,
1.618235,
0.000000,
1.618584,
0.000000,
1.618932,
0.000000,
1.619278,
0.000000,
1.619623,
0.000000,
1.619967,
0.000000,
1.620309,
0.000000,
1.620650,
0.000000,
1.620990,
0.000000,
1.621328,
0.000000,
1.621665,
0.000000,
1.622000,
0.000000,
1.622334,
0.000000,
1.622667,
0.000000,
1.622998,
0.000000,
1.623328,
0.000000,
1.623657,
0.000000,
1.623984,
0.000000,
1.624310,
0.000000,
1.624634,
0.000000,
1.624957,
0.000000,
1.625279,
0.000000,
1.625599,
0.000000,
1.625918,
0.000000,
1.626236,
0.000000,
1.626552,
0.000000,
1.626866,
0.000000,
1.627180,
0.000000,
1.627492,
0.000000,
1.627802,
0.000000,
1.628112,
0.000000,
1.628420,
0.000000,
1.628726,
0.000000,
1.629031,
0.000000,
1.629335,
0.000000,
1.629637,
0.000000,
1.629938,
0.000000,
1.630237,
0.000000,
1.630535,
0.000000,
1.630832,
0.000000,
1.631127,
0.000000,
1.631421,
0.000000,
1.631714,
0.000000,
1.632005,
0.000000,
1.632295,
0.000000,
1.632583,
0.000000,
1.632870,
0.000000,
1.633155,
0.000000,
1.633440,
0.000000,
1.633722,
0.000000,
1.634004,
0.000000,
1.634283,
0.000000,
1.634562,
0.000000,
1.634839,
0.000000,
1.635115,
0.000000,
1.635389,
0.000000,
1.635662,
0.000000,
1.635933,
0.000000,
1.636203,
0.000000,
1.636472,
0.000000,
1.636739,
0.000000,
1.637005,
0.000000,
1.637269,
0.000000,
1.637532,
0.000000,
1.637794,
0.000000,
1.638054,
0.000000,
1.638313,
0.000000,
1.638570,
0.000000,
1.638826,
0.000000,
1.639080,
0.000000,
1.639334,
0.000000,
1.639585,
0.000000,
1.639835,
0.000000,
1.640084,
0.000000,
1.640332,
0.000000,
1.640578,
0.000000,
1.640822,
0.000000,
1.641065,
0.000000,
1.641307,
0.000000,
1.641547,
0.000000,
1.641786,
0.000000,
1.642023,
0.000000,
1.642259,
0.000000,
1.642494,
0.000000,
1.642727,
0.000000,
1.642959,
0.000000,
1.643189,
0.000000,
1.643418,
0.000000,
1.643645,
0.000000,
1.643871,
0.000000,
1.644096,
0.000000,
1.644319,
0.000000,
1.644540,
0.000000,
1.644761,
0.000000,
1.644979,
0.000000,
1.645197,
0.000000,
1.645413,
0.000000,
1.645627,
0.000000,
1.645840,
0.000000,
1.646052,
0.000000,
1.646262,
0.000000,
1.646471,
0.000000,
1.646678,
0.000000,
1.646884,
0.000000,
1.647088,
0.000000,
1.647291,
0.000000,
1.647492,
0.000000,
1.647693,
0.000000,
1.647891,
0.000000,
1.648088,
0.000000,
1.648284,
0.000000,
1.648478,
0.000000,
1.648671,
0.000000,
1.648863,
0.000000,
1.649052,
0.000000,
1.649241,
0.000000,
1.649428,
0.000000,
1.649614,
0.000000,
1.649798,
0.000000,
1.649980,
0.000000,
1.650162,
0.000000,
1.650341,
0.000000,
1.650520,
0.000000,
1.650697,
0.000000,
1.650872,
0.000000,
1.651046,
0.000000,
1.651219,
0.000000,
1.651390,
0.000000,
1.651559,
0.000000,
1.651727,
0.000000,
1.651894,
0.000000,
1.652059,
0.000000,
1.652223,
0.000000,
1.652386,
0.000000,
1.652546,
0.000000,
1.652706,
0.000000,
1.652864,
0.000000,
1.653020,
0.000000,
1.653175,
0.000000,
1.653329,
0.000000,
1.653481,
0.000000,
1.653632,
0.000000,
1.653781,
0.000000,
1.653929,
0.000000,
1.654075,
0.000000,
1.654220,
0.000000,
1.654363,
0.000000,
1.654505,
0.000000,
1.654645,
0.000000,
1.654784,
0.000000,
1.654922,
0.000000,
1.655058,
0.000000,
1.655192,
0.000000,
1.655325,
0.000000,
1.655457,
0.000000,
1.655587,
0.000000,
1.655716,
0.000000,
1.655843,
0.000000,
1.655969,
0.000000,
1.656093,
0.000000,
1.656216,
0.000000,
1.656337,
0.000000,
1.656457,
0.000000,
1.656575,
0.000000,
1.656692,
0.000000,
1.656808,
0.000000,
1.656922,
0.000000,
1.657034,
0.000000,
1.657145,
0.000000,
1.657255,
0.000000,
1.657363,
0.000000,
1.657470,
0.000000,
1.657575,
0.000000,
1.657678,
0.000000,
1.657781,
0.000000,
1.657881,
0.000000,
1.657981,
0.000000,
1.658078,
0.000000,
1.658175,
0.000000,
1.658269,
0.000000,
1.658363,
0.000000,
1.658455,
0.000000,
1.658545,
0.000000,
1.658634,
0.000000,
1.658721,
0.000000,
1.658807,
0.000000,
1.658892,
0.000000,
1.658975,
0.000000,
1.659056,
0.000000,
1.659136,
0.000000,
1.659215,
0.000000,
1.659292,
0.000000,
1.659368,
0.000000,
1.659442,
0.000000,
1.659515,
0.000000,
1.659586,
0.000000,
1.659655,
0.000000,
1.659724,
0.000000,
1.659790,
0.000000,
1.659856,
0.000000,
1.659919,
0.000000,
1.659982,
0.000000,
1.660043,
0.000000,
1.660102,
0.000000,
1.660160,
0.000000,
1.660216,
0.000000,
1.660271,
0.000000,
1.660324,
0.000000,
1.660376,
0.000000,
1.660427,
0.000000,
1.660476,
0.000000,
1.660523,
0.000000,
1.660569,
0.000000,
1.660614,
0.000000,
1.660657,
0.000000,
1.660698,
0.000000,
1.660738,
0.000000,
1.660777,
0.000000,
1.660814,
0.000000,
1.660850,
0.000000,
1.660884,
0.000000,
1.660917,
0.000000,
1.660948,
0.000000,
1.660977,
0.000000,
1.661006,
0.000000,
1.661032,
0.000000,
1.661058,
0.000000,
1.661081,
0.000000,
1.661104,
0.000000,
1.661124,
0.000000,
1.661144,
0.000000,
1.661162,
0.000000,
1.661178,
0.000000,
1.661193,
0.000000,
1.661206,
0.000000,
1.661218,
0.000000,
1.661228,
0.000000,
1.661237,
0.000000,
1.661245,
0.000000,
1.661251,
0.000000,
1.661255,
0.000000,
1.661258,
0.000000,
1.661259,
0.000000,
1.661259,
0.000000,
1.661258,
0.000000,
1.661255,
0.000000,
1.661251,
0.000000,
1.661245,
0.000000,
1.661237,
0.000000,
1.661228,
0.000000,
1.661218,
0.000000,
1.661206,
0.000000,
1.661193,
0.000000,
1.661178,
0.000000,
1.661162,
0.000000,
1.661144,
0.000000,
1.661124,
0.000000,
1.661104,
0.000000,
1.661081,
0.000000,
1.661058,
0.000000,
1.661032,
0.000000,
1.661006,
0.000000,
1.660977,
0.000000,
1.660948,
0.000000,
1.660917,
0.000000,
1.660884,
0.000000,
1.660850,
0.000000,
1.660814,
0.000000,
1.660777,
0.000000,
1.660738,
0.000000,
1.660698,
0.000000,
1.660657,
0.000000,
1.660614,
0.000000,
1.660569,
0.000000,
1.660523,
0.000000,
1.660476,
0.000000,
1.660427,
0.000000,
1.660376,
0.000000,
1.660324,
0.000000,
1.660271,
0.000000,
1.660216,
0.000000,
1.660160,
0.000000,
1.660102,
0.000000,
1.660043,
0.000000,
1.659982,
0.000000,
1.659919,
0.000000,
1.659856,
0.000000,
1.659790,
0.000000,
1.659724,
0.000000,
1.659655,
0.000000,
1.659586,
0.000000,
1.659515,
0.000000,
1.659442,
0.000000,
1.659368,
0.000000,
1.659292,
0.000000,
1.659215,
0.000000,
1.659136,
0.000000,
1.659056,
0.000000,
1.658975,
0.000000,
1.658892,
0.000000,
1.658807,
0.000000,
1.658721,
0.000000,
1.658634,
0.000000,
1.658545,
0.000000,
1.658455,
0.000000,
1.658363,
0.000000,
1.658269,
0.000000,
1.658175,
0.000000,
1.658078,
0.000000,
1.657981,
0.000000,
1.657881,
0.000000,
1.657781,
0.000000,
1.657678,
0.000000,
1.657575,
0.000000,
1.657470,
0.000000,
1.657363,
0.000000,
1.657255,
0.000000,
1.657145,
0.000000,
1.657034,
0.000000,
1.656922,
0.000000,
1.656808,
0.000000,
1.656692,
0.000000,
1.656575,
0.000000,
1.656457,
0.000000,
1.656337,
0.000000,
1.656216,
0.000000,
1.656093,
0.000000,
1.655969,
0.000000,
1.655843,
0.000000,
1.655716,
0.000000,
1.655587,
0.000000,
1.655457,
0.000000,
1.655325,
0.000000,
1.655192,
0.000000,
1.655058,
0.000000,
1.654922,
0.000000,
1.654784,
0.000000,
1.654645,
0.000000,
1.654505,
0.000000,
1.654363,
0.000000,
1.654220,
0.000000,
1.654075,
0.000000,
1.653929,
0.000000,
1.653781,
0.000000,
1.653632,
0.000000,
1.653481,
0.000000,
1.653329,
0.000000,
1.653175,
0.000000,
1.653020,
0.000000,
1.652864,
0.000000,
1.652706,
0.000000,
1.652546,
0.000000,
1.652386,
0.000000,
1.652223,
0.000000,
1.652059,
0.000000,
1.651894,
0.000000,
1.651727,
0.000000,
1.651559,
0.000000,
1.651390,
0.000000,
1.651219,
0.000000,
1.651046,
0.000000,
1.650872,
0.000000,
1.650697,
0.000000,
1.650520,
0.000000,
1.650341,
0.000000,
1.650162,
0.000000,
1.649980,
0.000000,
1.649798,
0.000000,
1.649614,
0.000000,
1.649428,
0.000000,
1.649241,
0.000000,
1.649052,
0.000000,
1.648863,
0.000000,
1.648671,
0.000000,
1.648478,
0.000000,
1.648284,
0.000000,
1.648088,
0.000000,
1.647891,
0.000000,
1.647693,
0.000000,
1.647492,
0.000000,
1.647291,
0.000000,
1.647088,
0.000000,
1.646884,
0.000000,
1.646678,
0.000000,
1.646471,
0.000000,
1.646262,
0.000000,
1.646052,
0.000000,
1.645840,
0.000000,
1.645627,
0.000000,
1.645413,
0.000000,
1.645197,
0.000000,
1.644979,
0.000000,
1.644761,
0.000000,
1.644540,
0.000000,
1.644319,
0.000000,
1.644096,
0.000000,
1.643871,
0.000000,
1.643645,
0.000000,
1.643418,
0.000000,
1.643189,
0.000000,
1.642959,
0.000000,
1.642727,
0.000000,
1.642494,
0.000000,
1.642259,
0.000000,
1.642023,
0.000000,
1.641786,
0.000000,
1.641547,
0.000000,
1.641307,
0.000000,
1.641065,
0.000000,
1.640822,
0.000000,
1.640578,
0.000000,
1.640332,
0.000000,
1.640084,
0.000000,
1.639835,
0.000000,
1.639585,
0.000000,
1.639334,
0.000000,
1.639080,
0.000000,
1.638826,
0.000000,
1.638570,
0.000000,
1.638313,
0.000000,
1.638054,
0.000000,
1.637794,
0.000000,
1.637532,
0.000000,
1.637269,
0.000000,
1.637005,
0.000000,
1.636739,
0.000000,
1.636472,
0.000000,
1.636203,
0.000000,
1.635933,
0.000000,
1.635662,
0.000000,
1.635389,
0.000000,
1.635115,
0.000000,
1.634839,
0.000000,
1.634562,
0.000000,
1.634283,
0.000000,
1.634004,
0.000000,
1.633722,
0.000000,
1.633440,
0.000000,
1.633155,
0.000000,
1.632870,
0.000000,
1.632583,
0.000000,
1.632295,
0.000000,
1.632005,
0.000000,
1.631714,
0.000000,
1.631421,
0.000000,
1.631127,
0.000000,
1.630832,
0.000000,
1.630535,
0.000000,
1.630237,
0.000000,
1.629938,
0.000000,
1.629637,
0.000000,
1.629335,
0.000000,
1.629031,
0.000000,
1.628726,
0.000000,
1.628420,
0.000000,
1.628112,
0.000000,
1.627802,
0.000000,
1.627492,
0.000000,
1.627180,
0.000000,
1.626866,
0.000000,
1.626552,
0.000000,
1.626236,
0.000000,
1.625918,
0.000000,
1.625599,
0.000000,
1.625279,
0.000000,
1.624957,
0.000000,
1.624634,
0.000000,
1.624310,
0.000000,
1.623984,
0.000000,
1.623657,
0.000000,
1.623328,
0.000000,
1.622998,
0.000000,
1.622667,
0.000000,
1.622334,
0.000000,
1.622000,
0.000000,
1.621665,
0.000000,
1.621328,
0.000000,
1.620990,
0.000000,
1.620650,
0.000000,
1.620309,
0.000000,
1.619967,
0.000000,
1.619623,
0.000000,
1.619278,
0.000000,
1.618932,
0.000000,
1.618584,
0.000000,
1.618235,
0.000000,
1.617885,
0.000000,
1.617533,
0.000000,
1.617180,
0.000000,
1.616825,
0.000000,
1.616469,
0.000000,
1.616112,
0.000000,
1.615753,
0.000000,
1.615394,
0.000000,
1.615032,
0.000000,
1.614670,
0.000000,
1.614306,
0.000000,
1.613940,
0.000000,
1.613573,
0.000000,
1.613205,
0.000000,
1.612836,
0.000000,
1.612465,
0.000000,
1.612093,
0.000000,
1.611720,
0.000000,
1.611345,
0.000000,
1.610969,
0.000000,
1.610591,
0.000000,
1.610213,
0.000000,
1.609832,
0.000000,
1.609451,
0.000000,
1.609068,
0.000000,
1.608684,
0.000000,
1.608299,
0.000000,
1.607912,
0.000000,
1.607524,
0.000000,
1.607134,
0.000000,
1.606743,
0.000000,
1.606351,
0.000000,
1.605958,
0.000000,
1.605563,
0.000000,
1.605167,
0.000000,
1.604769,
0.000000,
1.604371,
0.000000,
1.603971,
0.000000,
1.603569,
0.000000,
1.603166,
0.000000,
1.602762,
0.000000,
1.602357,
0.000000,
1.601950,
0.000000,
1.601542,
0.000000,
1.601133,
0.000000,
1.600722,
0.000000,
1.600310,
0.000000,
1.599897,
0.000000,
1.599482,
0.000000,
1.599067,
0.000000,
1.598649,
0.000000,
1.598231,
0.000000,
1.597811,
0.000000,
1.597390,
0.000000,
1.596968,
0.000000,
1.596544,
0.000000,
1.596119,
0.000000,
1.595693,
0.000000,
1.595265,
0.000000,
1.594836,
0.000000,
1.594406,
0.000000,
1.593974,
0.000000,
1.593541,
0.000000,
1.593107,
0.000000,
1.592672,
0.000000,
1.592235,
0.000000,
1.591797,
0.000000,
1.591358,
0.000000,
1.590917,
0.000000,
1.590476,
0.000000,
1.590032,
0.000000,
1.589588,
0.000000,
1.589142,
0.000000,
1.588695,
0.000000,
1.588247,
0.000000,
1.587797,
0.000000,
1.587347,
0.000000,
1.586895,
0.000000,
1.586441,
0.000000,
1.585986,
0.000000,
1.585531,
0.000000,
1.585073,
0.000000,
1.584615,
0.000000,
1.584155,
0.000000,
1.583694,
0.000000,
1.583232,
0.000000,
1.582768,
0.000000,
1.582303,
0.000000,
1.581837,
0.000000,
1.581370,
0.000000,
1.580901,
0.000000,
1.580431,
0.000000,
1.579960,
0.000000,
1.579488,
0.000000,
1.579014,
0.000000,
1.578539,
0.000000,
1.578063,
0.000000,
1.577586,
0.000000,
1.577107,
0.000000,
1.576627,
0.000000,
1.576146,
0.000000,
1.575664,
0.000000,
1.575180,
0.000000,
1.574695,
0.000000,
1.574209,
0.000000,
1.573721,
0.000000,
1.573233,
0.000000,
1.572743,
0.000000,
1.572252,
0.000000,
1.571759,
0.000000,
1.571266,
0.000000,
1.570771,
0.000000,
1.570275,
0.000000,
1.569777,
0.000000,
1.569279,
0.000000,
1.568779,
0.000000,
1.568278,
0.000000,
1.567776,
0.000000,
1.567272,
0.000000,
1.566767,
0.000000,
1.566262,
0.000000,
1.565754,
0.000000,
1.565246,
0.000000,
1.564736,
0.000000,
1.564226,
0.000000,
1.563713,
0.000000,
1.563200,
0.000000,
1.562686,
0.000000,
1.562170,
0.000000,
1.561653,
0.000000,
1.561135,
0.000000,
1.560616,
0.000000,
1.560095,
0.000000,
1.559573,
0.000000,
1.559050,
0.000000,
1.558526,
0.000000,
1.558001,
0.000000,
1.557474,
0.000000,
1.556946,
0.000000,
1.556417,
0.000000,
1.555887,
0.000000,
1.555356,
0.000000,
1.554823,
0.000000,
1.554289,
0.000000,
1.553754,
0.000000,
1.553218,
0.000000,
1.552681,
0.000000,
1.552142,
0.000000,
1.551602,
0.000000,
1.551061,
0.000000,
1.550519,
0.000000,
1.549976,
0.000000,
1.549431,
0.000000,
1.548886,
0.000000,
1.548339,
0.000000,
1.547791,
0.000000,
1.547242,
0.000000,
1.546691,
0.000000,
1.546140,
0.000000,
1.545587,
0.000000,
1.545033,
0.000000,
1.544478,
0.000000,
1.543921,
0.000000,
1.543364,
0.000000,
1.542805,
0.000000,
1.542245,
0.000000,
1.541685,
0.000000,
1.541122,
0.000000,
1.540559,
0.000000,
1.539995,
0.000000,
1.539429,
0.000000,
1.538862,
0.000000,
1.538294,
0.000000,
1.537725,
0.000000,
1.537155,
0.000000,
1.536583,
0.000000,
1.536011,
0.000000,
1.535437,
0.000000,
1.534862,
0.000000,
1.534286,
0.000000,
1.533709,
0.000000,
1.533131,
0.000000,
1.532551,
0.000000,
1.531971,
0.000000,
1.531389,
0.000000,
1.530806,
0.000000,
1.530222,
0.000000,
1.529637,
0.000000,
1.529051,
0.000000,
1.528463,
0.000000,
1.527874,
0.000000,
1.527285,
0.000000,
1.526694,
0.000000,
1.526102,
0.000000,
1.525509,
0.000000,
1.524915,
0.000000,
1.524319,
0.000000,
1.523723,
0.000000,
1.523125,
0.000000,
1.522526,
0.000000,
1.521926,
0.000000,
1.521325,
0.000000,
1.520723,
0.000000,
1.520120,
0.000000,
1.519516,
0.000000,
1.518910,
0.000000,
1.518304,
0.000000,
1.517696,
0.000000,
1.517087,
0.000000,
1.516477,
0.000000,
1.515866,
0.000000,
1.515254,
0.000000,
1.514641,
0.000000,
1.514027,
0.000000,
1.513411,
0.000000,
1.512795,
0.000000,
1.512177,
0.000000,
1.511558,
0.000000,
1.510939,
0.000000,
1.510318,
0.000000,
1.509696,
0.000000,
1.509073,
0.000000,
1.508448,
0.000000,
1.507823,
0.000000,
1.507197,
0.000000,
1.506569,
0.000000,
1.505941,
0.000000,
1.505311,
0.000000,
1.504680,
0.000000,
1.504049,
0.000000,
1.503416,
0.000000,
1.502782,
0.000000,
1.502147,
0.000000,
1.501511,
0.000000,
1.500873,
0.000000,
1.500235,
0.000000,
1.499596,
0.000000,
1.498955,
0.000000,
1.498314,
0.000000,
1.497671,
0.000000,
1.497028,
0.000000,
1.496383,
0.000000,
1.495737,
0.000000,
1.495090,
0.000000,
1.494443,
0.000000,
1.493794,
0.000000,
1.493144,
0.000000,
1.492493,
0.000000,
1.491841,
0.000000,
1.491187,
0.000000,
1.490533,
0.000000,
1.489878,
0.000000,
1.489222,
0.000000,
1.488564,
0.000000,
1.487906,
0.000000,
1.487246,
0.000000,
1.486586,
0.000000,
1.485924,
0.000000,
1.485262,
0.000000,
1.484598,
0.000000,
1.483933,
0.000000,
1.483268,
0.000000,
1.482601,
0.000000,
1.481933,
0.000000,
1.481264,
0.000000,
1.480595,
0.000000,
1.479924,
0.000000,
1.479252,
0.000000,
1.478579,
0.000000,
1.477905,
0.000000,
1.477230,
0.000000,
1.476554,
0.000000,
1.475877,
0.000000,
1.475199,
0.000000,
1.474520,
0.000000,
1.473840,
0.000000,
1.473159,
0.000000,
1.472477,
0.000000,
1.471793,
0.000000,
1.471109,
0.000000,
1.470424,
0.000000,
1.469738,
0.000000,
1.469051,
0.000000,
1.468363,
0.000000,
1.467673,
0.000000,
1.466983,
0.000000,
1.466292,
0.000000,
1.465600,
0.000000,
1.464907,
0.000000,
1.464212,
0.000000,
1.463517,
0.000000,
1.462821,
0.000000,
1.462124,
0.000000,
1.461426,
0.000000,
1.460726,
0.000000,
1.460026,
0.000000,
1.459325,
0.000000,
1.458623,
0.000000,
1.457920,
0.000000,
1.457216,
0.000000,
1.456511,
0.000000,
1.455805,
0.000000,
1.455098,
0.000000,
1.454389,
0.000000,
1.453680,
0.000000,
1.452970,
0.000000,
1.452260,
0.000000,
1.451548,
0.000000,
1.450835,
0.000000,
1.450121,
0.000000,
1.449406,
0.000000,
1.448690,
0.000000,
1.447973,
0.000000,
1.447256,
0.000000,
1.446537,
0.000000,
1.445817,
0.000000,
1.445097,
0.000000,
1.444375,
0.000000,
1.443652,
0.000000,
1.442929,
0.000000,
1.442204,
0.000000,
1.441479,
0.000000,
1.440753,
0.000000,
1.440025,
0.000000,
1.439297,
0.000000,
1.438568,
0.000000,
1.437838,
0.000000,
1.437106,
0.000000,
1.436374,
0.000000,
1.435641,
0.000000,
1.434907,
0.000000,
1.434173,
0.000000,
1.433437,
0.000000,
1.432700,
0.000000,
1.431962,
0.000000,
1.431224,
0.000000,
1.430484,
0.000000,
1.429744,
0.000000,
1.429002,
0.000000,
1.428260,
0.000000,
1.427517,
0.000000,
1.426772,
0.000000,
1.426027,
0.000000,
1.425281,
0.000000,
1.424534,
0.000000,
1.423786,
0.000000,
1.423037,
0.000000,
1.422288,
0.000000,
1.421537,
0.000000,
1.420785,
0.000000,
1.420033,
0.000000,
1.419280,
0.000000,
1.418525,
0.000000,
1.417770,
0.000000,
1.417014,
0.000000,
1.416257,
0.000000,
1.415499,
0.000000,
1.414740,
0.000000,
1.413980,
0.000000,
1.413220,
0.000000,
1.412458,
0.000000,
1.411696,
0.000000,
1.410933,
0.000000,
1.410168,
0.000000,
1.409403,
0.000000,
1.408637,
0.000000,
1.407870,
0.000000,
1.407102,
0.000000,
1.406334,
0.000000,
1.405564,
0.000000,
1.404794,
0.000000,
1.404022,
0.000000,
1.403250,
0.000000,
1.402477,
0.000000,
1.401703,
0.000000,
1.400928,
0.000000,
1.400152,
0.000000,
1.399376,
0.000000,
1.398598,
0.000000,
1.397820,
0.000000,
1.397041,
0.000000,
1.396261,
0.000000,
1.395480,
0.000000,
1.394698,
0.000000,
1.393915,
0.000000,
1.393132,
0.000000,
1.392347,
0.000000,
1.391562,
0.000000,
1.390776,
0.000000,
1.389989,
0.000000,
1.389201,
0.000000,
1.388412,
0.000000,
1.387623,
0.000000,
1.386832,
0.000000,
1.386041,
0.000000,
1.385249,
0.000000,
1.384456,
0.000000,
1.383662,
0.000000,
1.382867,
0.000000,
1.382072,
0.000000,
1.381275,
0.000000,
1.380478,
0.000000,
1.379680,
0.000000,
1.378881,
0.000000,
1.378081,
0.000000,
1.377281,
0.000000,
1.376479,
0.000000,
1.375677,
0.000000,
1.374874,
0.000000,
1.374070,
0.000000,
1.373265,
0.000000,
1.372460,
0.000000,
1.371654,
0.000000,
1.370846,
0.000000,
1.370038,
0.000000,
1.369229,
0.000000,
1.368420,
0.000000,
1.367609,
0.000000,
1.366798,
0.000000,
1.365986,
0.000000,
1.365173,
0.000000,
1.364359,
0.000000,
1.363545,
0.000000,
1.362729,
0.000000,
1.361913,
0.000000,
1.361096,
0.000000,
1.360278,
0.000000,
1.359460,
0.000000,
1.358640,
0.000000,
1.357820,
0.000000,
1.356999,
0.000000,
1.356177,
0.000000,
1.355354,
0.000000,
1.354531,
0.000000,
1.353707,
0.000000,
1.352882,
0.000000,
1.352056,
0.000000,
1.351229,
0.000000,
1.350402,
0.000000,
1.349574,
0.000000,
1.348745,
0.000000,
1.347915,
0.000000,
1.347084,
0.000000,
1.346253,
0.000000,
1.345421,
0.000000,
1.344588,
0.000000,
1.343754,
0.000000,
1.342920,
0.000000,
1.342085,
0.000000,
1.341249,
0.000000,
1.340412,
0.000000,
1.339574,
0.000000,
1.338736,
0.000000,
1.337897,
0.000000,
1.337057,
0.000000,
1.336217,
0.000000,
1.335375,
0.000000,
1.334533,
0.000000,
1.333690,
0.000000,
1.332846,
0.000000,
1.332002,
0.000000,
1.331157,
0.000000,
1.330311,
0.000000,
1.329464,
0.000000,
1.328617,
0.000000,
1.327768,
0.000000,
1.326919,
0.000000,
1.326070,
0.000000,
1.325219,
0.000000,
1.324368,
0.000000,
1.323516,
0.000000,
1.322663,
0.000000,
1.321810,
0.000000,
1.320956,
0.000000,
1.320101,
0.000000,
1.319245,
0.000000,
1.318389,
0.000000,
1.317532,
0.000000,
1.316674,
0.000000,
1.315815,
0.000000,
1.314956,
0.000000,
1.314096,
0.000000,
1.313235,
0.000000,
1.312373,
0.000000,
1.311511,
0.000000,
1.310648,
0.000000,
1.309784,
0.000000,
1.308920,
0.000000,
1.308055,
0.000000,
1.307189,
0.000000,
1.306322,
0.000000,
1.305455,
0.000000,
1.304587,
0.000000,
1.303718,
0.000000,
1.302849,
0.000000,
1.301978,
0.000000,
1.301108,
0.000000,
1.300236,
0.000000,
1.299364,
0.000000,
1.298491,
0.000000,
1.297617,
0.000000,
1.296743,
0.000000,
1.295867,
0.000000,
1.294992,
0.000000,
1.294115,
0.000000,
1.293238,
0.000000,
1.292360,
0.000000,
1.291481,
0.000000,
1.290602,
0.000000,
1.289722,
0.000000,
1.288841,
0.000000,
1.287960,
0.000000,
1.287078,
0.000000,
1.286195,
0.000000,
1.285312,
0.000000,
1.284428,
0.000000,
1.283543,
0.000000,
1.282657,
0.000000,
1.281771,
0.000000,
1.280884,
0.000000,
1.279997,
0.000000,
1.279109,
0.000000,
1.278220,
0.000000,
1.277330,
0.000000,
1.276440,
0.000000,
1.275549,
0.000000,
1.274658,
0.000000,
1.273765,
0.000000,
1.272872,
0.000000,
1.271979,
0.000000,
1.271085,
0.000000,
1.270190,
0.000000,
1.269294,
0.000000,
1.268398,
0.000000,
1.267501,
0.000000,
1.266604,
0.000000,
1.265706,
0.000000,
1.264807,
0.000000,
1.263907,
0.000000,
1.263007,
0.000000,
1.262106,
0.000000,
1.261205,
0.000000,
1.260303,
0.000000,
1.259400,
0.000000,
1.258497,
0.000000,
1.257593,
0.000000,
1.256688,
0.000000,
1.255783,
0.000000,
1.254877,
0.000000,
1.253971,
0.000000,
1.253063,
0.000000,
1.252156,
0.000000,
1.251247,
0.000000,
1.250338,
0.000000,
1.249428,
0.000000,
1.248518,
0.000000,
1.247607,
0.000000,
1.246695,
0.000000,
1.245783,
0.000000,
1.244870,
0.000000,
1.243957,
0.000000,
1.243043,
0.000000,
1.242128,
0.000000,
1.241213,
0.000000,
1.240297,
0.000000,
1.239380,
0.000000,
1.238463,
0.000000,
1.237545,
0.000000,
1.236627,
0.000000,
1.235708,
0.000000,
1.234788,
0.000000,
1.233868,
0.000000,
1.232947,
0.000000,
1.232026,
0.000000,
1.231104,
0.000000,
1.230181,
0.000000,
1.229258,
0.000000,
1.228334,
0.000000,
1.227410,
0.000000,
1.226485,
0.000000,
1.225559,
0.000000,
1.224633,
0.000000,
1.223706,
0.000000,
1.222779,
0.000000,
1.221851,
0.000000,
1.220923,
0.000000,
1.219993,
0.000000,
1.219064,
0.000000,
1.218133,
0.000000,
1.217203,
0.000000,
1.216271,
0.000000,
1.215339,
0.000000,
1.214407,
0.000000,
1.213473,
0.000000,
1.212540,
0.000000,
1.211605,
0.000000,
1.210670,
0.000000,
1.209735,
0.000000,
1.208799,
0.000000,
1.207862,
0.000000,
1.206925,
0.000000,
1.205987,
0.000000,
1.205049,
0.000000,
1.204110,
0.000000,
1.203171,
0.000000,
1.202231,
0.000000,
1.201290,
0.000000,
1.200349,
0.000000,
1.199408,
0.000000,
1.198466,
0.000000,
1.197523,
0.000000,
1.196580,
0.000000,
1.195636,
0.000000,
1.194691,
0.000000,
1.193746,
0.000000,
1.192801,
0.000000,
1.191855,
0.000000,
1.190908,
0.000000,
1.189961,
0.000000,
1.189014,
0.000000,
1.188066,
0.000000,
1.187117,
0.000000,
1.186168,
0.000000,
1.185218,
0.000000,
1.184268,
0.000000,
1.183317,
0.000000,
1.182366,
0.000000,
1.181414,
0.000000,
1.180461,
0.000000,
1.179508,
0.000000,
1.178555,
0.000000,
1.177601,
0.000000,
1.176647,
0.000000,
1.175692,
0.000000,
1.174736,
0.000000,
1.173780,
0.000000,
1.172824,
0.000000,
1.171866,
0.000000,
1.170909,
0.000000,
1.169951,
0.000000,
1.168992,
0.000000,
1.168033,
0.000000,
1.167074,
0.000000,
1.166114,
0.000000,
1.165153,
0.000000,
1.164192,
0.000000,
1.163230,
0.000000,
1.162268,
0.000000,
1.161306,
0.000000,
1.160343,
0.000000,
1.159379,
0.000000,
1.158415,
0.000000,
1.157451,
0.000000,
1.156485,
0.000000,
1.155520,
0.000000,
1.154554,
0.000000,
1.153588,
0.000000,
1.152621,
0.000000,
1.151653,
0.000000,
1.150685,
0.000000,
1.149717,
0.000000,
1.148748,
0.000000,
1.147779,
0.000000,
1.146809,
0.000000,
1.145838,
0.000000,
1.144868,
0.000000,
1.143897,
0.000000,
1.142925,
0.000000,
1.141953,
0.000000,
1.140980,
0.000000,
1.140007,
0.000000,
1.139033,
0.000000,
1.138059,
0.000000,
1.137085,
0.000000,
1.136110,
0.000000,
1.135135,
0.000000,
1.134159,
0.000000,
1.133183,
0.000000,
1.132206,
0.000000,
1.131229,
0.000000,
1.130251,
0.000000,
1.129273,
0.000000,
1.128294,
0.000000,
1.127315,
0.000000,
1.126336,
0.000000,
1.125356,
0.000000,
1.124376,
0.000000,
1.123395,
0.000000,
1.122414,
0.000000,
1.121433,
0.000000,
1.120451,
0.000000,
1.119468,
0.000000,
1.118485,
0.000000,
1.117502,
0.000000,
1.116518,
0.000000,
1.115534,
0.000000,
1.114549,
0.000000,
1.113564,
0.000000,
1.112579,
0.000000,
1.111593,
0.000000,
1.110607,
0.000000,
1.109620,
0.000000,
1.108633,
0.000000,
1.107646,
0.000000,
1.106658,
0.000000,
1.105670,
0.000000,
1.104681,
0.000000,
1.103692,
0.000000,
1.102702,
0.000000,
1.101712,
0.000000,
1.100722,
0.000000,
1.099731,
0.000000,
1.098740,
0.000000,
1.097749,
0.000000,
1.096757,
0.000000,
1.095764,
0.000000,
1.094772,
0.000000,
1.093779,
0.000000,
1.092785,
0.000000,
1.091791,
0.000000,
1.090797,
0.000000,
1.089802,
0.000000,
1.088807,
0.000000,
1.087812,
0.000000,
1.086816,
0.000000,
1.085820,
0.000000,
1.084824,
0.000000,
1.083827,
0.000000,
1.082830,
0.000000,
1.081832,
0.000000,
1.080834,
0.000000,
1.079836,
0.000000,
1.078837,
0.000000,
1.077838,
0.000000,
1.076838,
0.000000,
1.075838,
0.000000,
1.074838,
0.000000,
1.073838,
0.000000,
1.072837,
0.000000,
1.071836,
0.000000,
1.070834,
0.000000,
1.069832,
0.000000,
1.068830,
0.000000,
1.067827,
0.000000,
1.066824,
0.000000,
1.065821,
0.000000,
1.064817,
0.000000,
1.063813,
0.000000,
1.062809,
0.000000,
1.061804,
0.000000,
1.060799,
0.000000,
1.059794,
0.000000,
1.058788,
0.000000,
1.057782,
0.000000,
1.056776,
0.000000,
1.055769,
0.000000,
1.054762,
0.000000,
1.053755,
0.000000,
1.052747,
0.000000,
1.051739,
0.000000,
1.050731,
0.000000,
1.049722,
0.000000,
1.048713,
0.000000,
1.047704,
0.000000,
1.046694,
0.000000,
1.045684,
0.000000,
1.044674,
0.000000,
1.043664,
0.000000,
1.042653,
0.000000,
1.041642,
0.000000,
1.040630,
0.000000,
1.039619,
0.000000,
1.038607,
0.000000,
1.037594,
0.000000,
1.036582,
0.000000,
1.035569,
0.000000,
1.034556,
0.000000,
1.033542,
0.000000,
1.032529,
0.000000,
1.031515,
0.000000,
1.030500,
0.000000,
1.029486,
0.000000,
1.028471,
0.000000,
1.027456,
0.000000,
1.026440,
0.000000,
1.025424,
0.000000,
1.024408,
0.000000,
1.023392,
0.000000,
1.022376,
0.000000,
1.021359,
0.000000,
1.020342,
0.000000,
1.019324,
0.000000,
1.018307,
0.000000,
1.017289,
0.000000,
1.016271,
0.000000,
1.015252,
0.000000,
1.014234,
0.000000,
1.013215,
0.000000,
1.012196,
0.000000,
1.011176,
0.000000,
1.010157,
0.000000,
1.009137,
0.000000,
1.008117,
0.000000,
1.007096,
0.000000,
1.006076,
0.000000,
1.005055,
0.000000,
1.004034,
0.000000,
1.003012,
0.000000,
1.001991,
0.000000,
1.000969,
0.000000,
0.999947,
0.000000,
0.998925,
0.000000,
0.997902,
0.000000,
0.996879,
0.000000,
0.995856,
0.000000,
0.994833,
0.000000,
0.993810,
0.000000,
0.992786,
0.000000,
0.991762,
0.000000,
0.990738,
0.000000,
0.989714,
0.000000,
0.988689,
0.000000,
0.987665,
0.000000,
0.986640,
0.000000,
0.985615,
0.000000,
0.984590,
0.000000,
0.983564,
0.000000,
0.982538,
0.000000,
0.981512,
0.000000,
0.980486,
0.000000,
0.979460,
0.000000,
0.978434,
0.000000,
0.977407,
0.000000,
0.976380,
0.000000,
0.975353,
0.000000,
0.974326,
0.000000,
0.973298,
0.000000,
0.972271,
0.000000,
0.971243,
0.000000,
0.970215,
0.000000,
0.969187,
0.000000,
0.968158,
0.000000,
0.967130,
0.000000,
0.966101,
0.000000,
0.965073,
0.000000,
0.964044,
0.000000,
0.963014,
0.000000,
0.961985,
0.000000,
0.960956,
0.000000,
0.959926,
0.000000,
0.958896,
0.000000,
0.957866,
0.000000,
0.956836,
0.000000,
0.955806,
0.000000,
0.954776,
0.000000,
0.953745,
0.000000,
0.952714,
0.000000,
0.951683,
0.000000,
0.950653,
0.000000,
0.949621,
0.000000,
0.948590,
0.000000,
0.947559,
0.000000,
0.946527,
0.000000,
0.945496,
0.000000,
0.944464,
0.000000,
0.943432,
0.000000,
0.942400,
0.000000,
0.941368,
0.000000,
0.940336,
0.000000,
0.939303,
0.000000,
0.938271,
0.000000,
0.937238,
0.000000,
0.936205,
0.000000,
0.935173,
0.000000,
0.934140,
0.000000,
0.933107,
0.000000,
0.932073,
0.000000,
0.931040,
0.000000,
0.930007,
0.000000,
0.928973,
0.000000,
0.927940,
0.000000,
0.926906,
0.000000,
0.925872,
0.000000,
0.924838,
0.000000,
0.923805,
0.000000,
0.922771,
0.000000,
0.921736,
0.000000,
0.920702,
0.000000,
0.919668,
0.000000,
0.918634,
0.000000,
0.917599,
0.000000,
0.916565,
0.000000,
0.915530,
0.000000,
0.914496,
0.000000,
0.913461,
0.000000,
0.912426,
0.000000,
0.911391,
0.000000,
0.910357,
0.000000,
0.909322,
0.000000,
0.908287,
0.000000,
0.907252,
0.000000,
0.906216,
0.000000,
0.905181,
0.000000,
0.904146,
0.000000,
0.903111,
0.000000,
0.902076,
0.000000,
0.901040,
0.000000,
0.900005,
0.000000,
0.898969,
0.000000,
0.897934,
0.000000,
0.896898,
0.000000,
0.895863,
0.000000,
0.894827,
0.000000,
0.893792,
0.000000,
0.892756,
0.000000,
0.891721,
0.000000,
0.890685,
0.000000,
0.889649,
0.000000,
0.888614,
0.000000,
0.887578,
0.000000,
0.886542,
0.000000,
0.885507,
0.000000,
0.884471,
0.000000,
0.883435,
0.000000,
0.882399,
0.000000,
0.881364,
0.000000,
0.880328,
0.000000,
0.879292,
0.000000,
0.878257,
0.000000,
0.877221,
0.000000,
0.876185,
0.000000,
0.875149,
0.000000,
0.874114,
0.000000,
0.873078,
0.000000,
0.872042,
0.000000,
0.871007,
0.000000,
0.869971,
0.000000,
0.868936,
0.000000,
0.867900,
0.000000,
0.866865,
0.000000,
0.865829,
0.000000,
0.864794,
0.000000,
0.863758,
0.000000,
0.862723,
0.000000,
0.861688,
0.000000,
0.860652,
0.000000,
0.859617,
0.000000,
0.858582,
0.000000,
0.857547,
0.000000,
0.856512,
0.000000,
0.855477,
0.000000,
0.854442,
0.000000,
0.853407,
0.000000,
0.852372,
0.000000,
0.851337,
0.000000,
0.850303,
0.000000,
0.849268,
0.000000,
0.848233,
0.000000,
0.847199,
0.000000,
0.846164,
0.000000,
0.845130,
0.000000,
0.844096,
0.000000,
0.843062,
0.000000,
0.842028,
0.000000,
0.840994,
0.000000,
0.839960,
0.000000,
0.838926,
0.000000,
0.837892,
0.000000,
0.836858,
0.000000,
0.835825,
0.000000,
0.834791,
0.000000,
0.833758,
0.000000,
0.832725,
0.000000,
0.831692,
0.000000,
0.830659,
0.000000,
0.829626,
0.000000,
0.828593,
0.000000,
0.827561,
0.000000,
0.826528,
0.000000,
0.825496,
0.000000,
0.824463,
0.000000,
0.823431,
0.000000,
0.822399,
0.000000,
0.821367,
0.000000,
0.820336,
0.000000,
0.819304,
0.000000,
0.818272,
0.000000,
0.817241,
0.000000,
0.816210,
0.000000,
0.815179,
0.000000,
0.814148,
0.000000,
0.813117,
0.000000,
0.812087,
0.000000,
0.811056,
0.000000,
0.810026,
0.000000,
0.808996,
0.000000,
0.807966,
0.000000,
0.806936,
0.000000,
0.805907,
0.000000,
0.804877,
0.000000,
0.803848,
0.000000,
0.802819,
0.000000,
0.801790,
0.000000,
0.800761,
0.000000,
0.799733,
0.000000,
0.798704,
0.000000,
0.797676,
0.000000,
0.796648,
0.000000,
0.795620,
0.000000,
0.794593,
0.000000,
0.793566,
0.000000,
0.792538,
0.000000,
0.791511,
0.000000,
0.790485,
0.000000,
0.789458,
0.000000,
0.788432,
0.000000,
0.787406,
0.000000,
0.786380,
0.000000,
0.785354,
0.000000,
0.784329,
0.000000,
0.783303,
0.000000,
0.782278,
0.000000,
0.781254,
0.000000,
0.780229,
0.000000,
0.779205,
0.000000,
0.778181,
0.000000,
0.777157,
0.000000,
0.776133,
0.000000,
0.775110,
0.000000,
0.774087,
0.000000,
0.773064,
0.000000,
0.772041,
0.000000,
0.771019,
0.000000,
0.769997,
0.000000,
0.768975,
0.000000,
0.767954,
0.000000,
0.766932,
0.000000,
0.765911,
0.000000,
0.764891,
0.000000,
0.763870,
0.000000,
0.762850,
0.000000,
0.761830,
0.000000,
0.760810,
0.000000,
0.759791,
0.000000,
0.758772,
0.000000,
0.757753,
0.000000,
0.756735,
0.000000,
0.755717,
0.000000,
0.754699,
0.000000,
0.753681,
0.000000,
0.752664,
0.000000,
0.751647,
0.000000,
0.750630,
0.000000,
0.749614,
0.000000,
0.748598,
0.000000,
0.747582,
0.000000,
0.746567,
0.000000,
0.745552,
0.000000,
0.744537,
0.000000,
0.743522,
0.000000,
0.742508,
0.000000,
0.741494,
0.000000,
0.740481,
0.000000,
0.739468,
0.000000,
0.738455,
0.000000,
0.737443,
0.000000,
0.736431,
0.000000,
0.735419,
0.000000,
0.734408,
0.000000,
0.733397,
0.000000,
0.732386,
0.000000,
0.731376,
0.000000,
0.730366,
0.000000,
0.729356,
0.000000,
0.728347,
0.000000,
0.727338,
0.000000,
0.726330,
0.000000,
0.725322,
0.000000,
0.724314,
0.000000,
0.723307,
0.000000,
0.722300,
0.000000,
0.721293,
0.000000,
0.720287,
0.000000,
0.719281,
0.000000,
0.718276,
0.000000,
0.717271,
0.000000,
0.716266,
0.000000,
0.715262,
0.000000,
0.714258,
0.000000,
0.713255,
0.000000,
0.712252,
0.000000,
0.711250,
0.000000,
0.710248,
0.000000,
0.709246,
0.000000,
0.708245,
0.000000,
0.707244,
0.000000,
0.706243,
0.000000,
0.705243,
0.000000,
0.704244,
0.000000,
0.703245,
0.000000,
0.702246,
0.000000,
0.701248,
0.000000,
0.700250,
0.000000,
0.699253,
0.000000,
0.698256,
0.000000,
0.697259,
0.000000,
0.696264,
0.000000,
0.695268,
0.000000,
0.694273,
0.000000,
0.693278,
0.000000,
0.692284,
0.000000,
0.691291,
0.000000,
0.690298,
0.000000,
0.689305,
0.000000,
0.688313,
0.000000,
0.687321,
0.000000,
0.686330,
0.000000,
0.685339,
0.000000,
0.684349,
0.000000,
0.683359,
0.000000,
0.682370,
0.000000,
0.681381,
0.000000,
0.680393,
0.000000,
0.679405,
0.000000,
0.678418,
0.000000,
0.677431,
0.000000,
0.676445,
0.000000,
0.675459,
0.000000,
0.674474,
0.000000,
0.673489,
0.000000,
0.672505,
0.000000,
0.671521,
0.000000,
0.670538,
0.000000,
0.669556,
0.000000,
0.668574,
0.000000,
0.667592,
0.000000,
0.666612,
0.000000,
0.665631,
0.000000,
0.664651,
0.000000,
0.663672,
0.000000,
0.662693,
0.000000,
0.661715,
0.000000,
0.660738,
0.000000,
0.659761,
0.000000,
0.658784,
0.000000,
0.657808,
0.000000,
0.656833,
0.000000,
0.655858,
0.000000,
0.654884,
0.000000,
0.653911,
0.000000,
0.652938,
0.000000,
0.651965,
0.000000,
0.650993,
0.000000,
0.650022,
0.000000,
0.649051,
0.000000,
0.648081,
0.000000,
0.647112,
0.000000,
0.646143,
0.000000,
0.645175,
0.000000,
0.644207,
0.000000,
0.643240,
0.000000,
0.642274,
0.000000,
0.641308,
0.000000,
0.640343,
0.000000,
0.639379,
0.000000,
0.638415,
0.000000,
0.637452,
0.000000,
0.636489,
0.000000,
0.635527,
0.000000,
0.634566,
0.000000,
0.633605,
0.000000,
0.632645,
0.000000,
0.631686,
0.000000,
0.630727,
0.000000,
0.629769,
0.000000,
0.628812,
0.000000,
0.627855,
0.000000,
0.626899,
0.000000,
0.625943,
0.000000,
0.624989,
0.000000,
0.624035,
0.000000,
0.623081,
0.000000,
0.622128,
0.000000,
0.621176,
0.000000,
0.620225,
0.000000,
0.619275,
0.000000,
0.618325,
0.000000,
0.617375,
0.000000,
0.616427,
0.000000,
0.615479,
0.000000,
0.614532,
0.000000,
0.613585,
0.000000,
0.612640,
0.000000,
0.611695,
0.000000,
0.610750,
0.000000,
0.609807,
0.000000,
0.608864,
0.000000,
0.607922,
0.000000,
0.606980,
0.000000,
0.606040,
0.000000,
0.605100,
0.000000,
0.604161,
0.000000,
0.603222,
0.000000,
0.602284,
0.000000,
0.601347,
0.000000,
0.600411,
0.000000,
0.599476,
0.000000,
0.598541,
0.000000,
0.597607,
0.000000,
0.596674,
0.000000,
0.595742,
0.000000,
0.594810,
0.000000,
0.593879,
0.000000,
0.592949,
0.000000,
0.592020,
0.000000,
0.591091,
0.000000,
0.590163,
0.000000,
0.589237,
0.000000,
0.588310,
0.000000,
0.587385,
0.000000,
0.586460,
0.000000,
0.585537,
0.000000,
0.584614,
0.000000,
0.583692,
0.000000,
0.582770,
0.000000,
0.581850,
0.000000,
0.580930,
0.000000,
0.580011,
0.000000,
0.579093,
0.000000,
0.578176,
0.000000,
0.577259,
0.000000,
0.576344,
0.000000,
0.575429,
0.000000,
0.574515,
0.000000,
0.573602,
0.000000,
0.572690,
0.000000,
0.571778,
0.000000,
0.570868,
0.000000,
0.569958,
0.000000,
0.569049,
0.000000,
0.568141,
0.000000,
0.567234,
0.000000,
0.566328,
0.000000,
0.565422,
0.000000,
0.564518,
0.000000,
0.563614,
0.000000,
0.562711,
0.000000,
0.561810,
0.000000,
0.560909,
0.000000,
0.560008,
0.000000,
0.559109,
0.000000,
0.558211,
0.000000,
0.557313,
0.000000,
0.556417,
0.000000,
0.555521,
0.000000,
0.554627,
0.000000,
0.553733,
0.000000,
0.552840,
0.000000,
0.551948,
0.000000,
0.551057,
0.000000,
0.550167,
0.000000,
0.549277,
0.000000,
0.548389,
0.000000,
0.547502,
0.000000,
0.546615,
0.000000,
0.545730,
0.000000,
0.544845,
0.000000,
0.543962,
0.000000,
0.543079,
0.000000,
0.542197,
0.000000,
0.541317,
0.000000,
0.540437,
0.000000,
0.539558,
0.000000,
0.538680,
0.000000,
0.537803,
0.000000,
0.536927,
0.000000,
0.536052,
0.000000,
0.535178,
0.000000,
0.534305,
0.000000,
0.533433,
0.000000,
0.532562,
0.000000,
0.531692,
0.000000,
0.530823,
0.000000,
0.529955,
0.000000,
0.529088,
0.000000,
0.528222,
0.000000,
0.527356,
0.000000,
0.526492,
0.000000,
0.525629,
0.000000,
0.524767,
0.000000,
0.523906,
0.000000,
0.523046,
0.000000,
0.522187,
0.000000,
0.521329,
0.000000,
0.520472,
0.000000,
0.519616,
0.000000,
0.518761,
0.000000,
0.517907,
0.000000,
0.517055,
0.000000,
0.516203,
0.000000,
0.515352,
0.000000,
0.514502,
0.000000,
0.513654,
0.000000,
0.512806,
0.000000,
0.511960,
0.000000,
0.511114,
0.000000,
0.510270,
0.000000,
0.509427,
0.000000,
0.508584,
0.000000,
0.507743,
0.000000,
0.506903,
0.000000,
0.506064,
0.000000,
0.505226,
0.000000,
0.504389,
0.000000,
0.503553,
0.000000,
0.502719,
0.000000,
0.501885,
0.000000,
0.501053,
0.000000,
0.500221,
0.000000,
0.499391,
0.000000,
0.498562,
0.000000,
0.497734,
0.000000,
0.496907,
0.000000,
0.496081,
0.000000,
0.495257,
0.000000,
0.494433,
0.000000,
0.493611,
0.000000,
0.492789,
0.000000,
0.491969,
0.000000,
0.491150,
0.000000,
0.490332,
0.000000,
0.489515,
0.000000,
0.488700,
0.000000,
0.487885,
0.000000,
0.487072,
0.000000,
0.486260,
0.000000,
0.485449,
0.000000,
0.484639,
0.000000,
0.483830,
0.000000,
0.483023,
0.000000,
0.482217,
0.000000,
0.481412,
0.000000,
0.480608,
0.000000,
0.479805,
0.000000,
0.479003,
0.000000,
0.478203,
0.000000,
0.477403,
0.000000,
0.476605,
0.000000,
0.475809,
0.000000,
0.475013,
0.000000,
0.474218,
0.000000,
0.473425,
0.000000,
0.472633,
0.000000,
0.471842,
0.000000,
0.471053,
0.000000,
0.470264,
0.000000,
0.469477,
0.000000,
0.468691,
0.000000,
0.467907,
0.000000,
0.467123,
0.000000,
0.466341,
0.000000,
0.465560,
0.000000,
0.464780,
0.000000,
0.464001,
0.000000,
0.463224,
0.000000,
0.462448,
0.000000,
0.461673,
0.000000,
0.460900,
0.000000,
0.460127,
0.000000,
0.459356,
0.000000,
0.458587,
0.000000,
0.457818,
0.000000,
0.457051,
0.000000,
0.456285,
0.000000,
0.455520,
0.000000,
0.454757,
0.000000,
0.453995,
0.000000,
0.453234,
0.000000,
0.452474,
0.000000,
0.451716,
0.000000,
0.450959,
0.000000,
0.450203,
0.000000,
0.449449,
0.000000,
0.448696,
0.000000,
0.447944,
0.000000,
0.447193,
0.000000,
0.446444,
0.000000,
0.445696,
0.000000,
0.444950,
0.000000,
0.444205,
0.000000,
0.443461,
0.000000,
0.442718,
0.000000,
0.441977,
0.000000,
0.441237,
0.000000,
0.440499,
0.000000,
0.439761,
0.000000,
0.439025,
0.000000,
0.438291,
0.000000,
0.437558,
0.000000,
0.436826,
0.000000,
0.436095,
0.000000,
0.435366,
0.000000,
0.434638,
0.000000,
0.433912,
0.000000,
0.433187,
0.000000,
0.432463,
0.000000,
0.431741,
0.000000,
0.431020,
0.000000,
0.430300,
0.000000,
0.429582,
0.000000,
0.428865,
0.000000,
0.428150,
0.000000,
0.427436,
0.000000,
0.426723,
0.000000,
0.426012,
0.000000,
0.425302,
0.000000,
0.424594,
0.000000,
0.423886,
0.000000,
0.423181,
0.000000,
0.422477,
0.000000,
0.421774,
0.000000,
0.421072,
0.000000,
0.420372,
0.000000,
0.419674,
0.000000,
0.418977,
0.000000,
0.418281,
0.000000,
0.417586,
0.000000,
0.416894,
0.000000,
0.416202,
0.000000,
0.415512,
0.000000,
0.414824,
0.000000,
0.414136,
0.000000,
0.413451,
0.000000,
0.412766,
0.000000,
0.412084,
0.000000,
0.411402,
0.000000,
0.410722,
0.000000,
0.410044,
0.000000,
0.409367,
0.000000,
0.408692,
0.000000,
0.408018,
0.000000,
0.407345,
0.000000,
0.406674,
0.000000,
0.406004,
0.000000,
0.405336,
0.000000,
0.404670,
0.000000,
0.404004,
0.000000,
0.403341,
0.000000,
0.402679,
0.000000,
0.402018,
0.000000,
0.401359,
0.000000,
0.400701,
0.000000,
0.400045,
0.000000,
0.399390,
0.000000,
0.398737,
0.000000,
0.398085,
0.000000,
0.397435,
0.000000,
0.396786,
0.000000,
0.396139,
0.000000,
0.395494,
0.000000,
0.394850,
0.000000,
0.394207,
0.000000,
0.393566,
0.000000,
0.392927,
0.000000,
0.392289,
0.000000,
0.391652,
0.000000,
0.391017,
0.000000,
0.390384,
0.000000,
0.389752,
0.000000,
0.389122,
0.000000,
0.388493,
0.000000,
0.387866,
0.000000,
0.387240,
0.000000,
0.386616,
0.000000,
0.385994,
0.000000,
0.385373,
0.000000,
0.384754,
0.000000,
0.384136,
0.000000,
0.383520,
0.000000,
0.382905,
0.000000,
0.382292,
0.000000,
0.381681,
0.000000,
0.381071,
0.000000,
0.380462,
0.000000,
0.379856,
0.000000,
0.379250,
0.000000,
0.378647,
0.000000,
0.378045,
0.000000,
0.377445,
0.000000,
0.376846,
0.000000,
0.376249,
0.000000,
0.375653,
0.000000,
0.375059,
0.000000,
0.374467,
0.000000,
0.373876,
0.000000,
0.373287,
0.000000,
0.372700,
0.000000,
0.372114,
0.000000,
0.371530,
0.000000,
0.370947,
0.000000,
0.370366,
0.000000,
0.369787,
0.000000,
0.369209,
0.000000,
0.368633,
0.000000,
0.368059,
0.000000,
0.367486,
0.000000,
0.366915,
0.000000,
0.366345,
0.000000,
0.365777,
0.000000,
0.365211,
0.000000,
0.364647,
0.000000,
0.364084,
0.000000,
0.363523,
0.000000,
0.362963,
0.000000,
0.362405,
0.000000,
0.361849,
0.000000,
0.361294,
0.000000,
0.360741,
0.000000,
0.360190,
0.000000,
0.359641,
0.000000,
0.359093,
0.000000,
0.358547,
0.000000,
0.358002,
0.000000,
0.357459,
0.000000,
0.356918,
0.000000,
0.356379,
0.000000,
0.355841,
0.000000,
0.355305,
0.000000,
0.354770,
0.000000,
0.354238,
0.000000,
0.353707,
0.000000,
0.353178,
0.000000,
0.352650,
0.000000,
0.352124,
0.000000,
0.351600,
0.000000,
0.351078,
0.000000,
0.350557,
0.000000,
0.350038,
0.000000,
0.349521,
0.000000,
0.349005,
0.000000,
0.348491,
0.000000,
0.347979,
0.000000,
0.347469,
0.000000,
0.346960,
0.000000,
0.346453,
0.000000,
0.345948,
0.000000,
0.345445,
0.000000,
0.344943,
0.000000,
0.344443,
0.000000,
0.343945,
0.000000,
0.343449,
0.000000,
0.342954,
0.000000,
0.342461,
0.000000,
0.341970,
0.000000,
0.341480,
0.000000,
0.340993,
0.000000,
0.340507,
0.000000,
0.340023,
0.000000,
0.339540,
0.000000,
0.339060,
0.000000,
0.338581,
0.000000,
0.338104,
0.000000,
0.337629,
0.000000,
0.337155,
0.000000,
0.336683,
0.000000,
0.336213,
0.000000,
0.335745,
0.000000,
0.335279,
0.000000,
0.334814,
0.000000,
0.334351,
0.000000,
0.333890,
0.000000,
0.333431,
0.000000,
0.332974,
0.000000,
0.332518,
0.000000,
0.332064,
0.000000,
0.331612,
0.000000,
0.331162,
0.000000,
0.330713,
0.000000,
0.330267,
0.000000,
0.329822,
0.000000,
0.329379,
0.000000,
0.328938,
0.000000,
0.328498,
0.000000,
0.328061,
0.000000,
0.327625,
0.000000,
0.327191,
0.000000,
0.326759,
0.000000,
0.326329,
0.000000,
0.325900,
0.000000,
0.325474,
0.000000,
0.325049,
0.000000,
0.324626,
0.000000,
0.324205,
0.000000,
0.323786,
0.000000,
0.323368,
0.000000,
0.322953,
0.000000,
0.322539,
0.000000,
0.322127,
0.000000,
0.321717,
0.000000,
0.321309,
0.000000,
0.320902,
0.000000,
0.320498,
0.000000,
0.320095,
0.000000,
0.319695,
0.000000,
0.319296,
0.000000,
0.318898,
0.000000,
0.318503,
0.000000,
0.318110,
0.000000,
0.317718,
0.000000,
0.317329,
0.000000,
0.316941,
0.000000,
0.316555,
0.000000,
0.316171,
0.000000,
0.315789,
0.000000,
0.315409,
0.000000,
0.315030,
0.000000,
0.314654,
0.000000,
0.314279,
0.000000,
0.313906,
0.000000,
0.313536,
0.000000,
0.313167,
0.000000,
0.312800,
0.000000,
0.312434,
0.000000,
0.312071,
0.000000,
0.311710,
0.000000,
0.311350,
0.000000,
0.310992,
0.000000,
0.310637,
0.000000,
0.310283,
0.000000,
0.309931,
0.000000,
0.309581,
0.000000,
0.309233,
0.000000,
0.308887,
0.000000,
0.308542,
0.000000,
0.308200,
0.000000,
0.307859,
0.000000,
0.307521,
0.000000,
0.307184,
0.000000,
0.306849,
0.000000,
0.306517,
0.000000,
0.306186,
0.000000,
0.305857,
0.000000,
0.305530,
0.000000,
0.305205,
0.000000,
0.304881,
0.000000,
0.304560,
0.000000,
0.304241,
0.000000,
0.303923,
0.000000,
0.303608,
0.000000,
0.303294,
0.000000,
0.302982,
0.000000,
0.302673,
0.000000,
0.302365,
0.000000,
0.302059,
0.000000,
0.301755,
0.000000,
0.301453,
0.000000,
0.301153,
0.000000,
0.300855,
0.000000,
0.300559,
0.000000,
0.300265,
0.000000,
0.299973,
0.000000,
0.299682,
0.000000,
0.299394,
0.000000,
0.299108,
0.000000,
0.298823,
0.000000,
0.298541,
0.000000,
0.298260,
0.000000,
0.297982,
0.000000,
0.297705,
0.000000,
0.297431,
0.000000,
0.297158,
0.000000,
0.296887,
0.000000,
0.296618,
0.000000,
0.296352,
0.000000,
0.296087,
0.000000,
0.295824,
0.000000,
0.295563,
0.000000,
0.295304,
0.000000,
0.295047,
0.000000,
0.294792,
0.000000,
0.294539,
0.000000,
0.294288,
0.000000,
0.294039,
0.000000,
0.293792,
0.000000,
0.293547,
0.000000,
0.293304,
0.000000,
0.293063,
0.000000,
0.292824,
0.000000,
0.292586,
0.000000,
0.292351,
0.000000,
0.292118,
0.000000,
0.291887,
0.000000,
0.291658,
0.000000,
0.291430,
0.000000,
0.291205,
0.000000,
0.290982,
0.000000,
0.290760,
0.000000,
0.290541,
0.000000,
0.290324,
0.000000,
0.290109,
0.000000,
0.289895,
0.000000,
0.289684,
0.000000,
0.289475,
0.000000,
0.289267,
0.000000,
0.289062,
0.000000,
0.288859,
0.000000,
0.288657,
0.000000,
0.288458,
0.000000,
0.288261,
0.000000,
0.288066,
0.000000,
0.287872,
0.000000,
0.287681,
0.000000,
0.287492,
0.000000,
0.287304,
0.000000,
0.287119,
0.000000,
0.286936,
0.000000,
0.286755,
0.000000,
0.286575,
0.000000,
0.286398,
0.000000,
0.286223,
0.000000,
0.286050,
0.000000,
0.285879,
0.000000,
0.285710,
0.000000,
0.285542,
0.000000,
0.285377,
0.000000,
0.285214,
0.000000,
0.285053,
0.000000,
0.284894,
0.000000,
0.284737,
0.000000,
0.284582,
0.000000,
0.284429,
0.000000,
0.284278,
0.000000,
0.284129,
0.000000,
0.283982,
0.000000,
0.283837,
0.000000,
0.283694,
0.000000,
0.283553,
0.000000,
0.283414,
0.000000,
0.283278,
0.000000,
0.283143,
0.000000,
0.283010,
0.000000,
0.282879,
0.000000,
0.282751,
0.000000,
0.282624,
0.000000,
0.282499,
0.000000,
0.282377,
0.000000,
0.282256,
0.000000,
0.282138,
0.000000,
0.282021,
0.000000,
0.281907,
0.000000,
0.281794,
0.000000,
0.281684,
0.000000,
0.281575,
0.000000,
0.281469,
0.000000,
0.281365,
0.000000,
0.281263,
0.000000,
0.281162,
0.000000,
0.281064,
0.000000,
0.280968,
0.000000,
0.280874,
0.000000,
0.280782,
0.000000,
0.280692,
0.000000,
0.280604,
0.000000,
0.280518,
0.000000,
0.280434,
0.000000,
0.280352,
0.000000,
0.280272,
0.000000,
0.280195,
0.000000,
0.280119,
0.000000,
0.280045,
0.000000,
0.279973,
0.000000,
0.279904,
0.000000,
0.279836,
0.000000,
0.279771,
0.000000,
0.279707,
0.000000,
0.279646,
0.000000,
0.279586,
0.000000,
0.279529,
0.000000,
0.279474,
0.000000,
0.279421,
0.000000,
0.279369,
0.000000,
0.279320,
0.000000,
0.279273,
0.000000,
0.279228,
0.000000,
0.279185,
0.000000,
0.279144,
0.000000,
0.279105,
0.000000,
0.279068,
0.000000,
0.279033,
0.000000,
0.279001,
0.000000,
0.278970,
0.000000,
0.278941,
0.000000,
0.278915,
0.000000,
0.278890,
0.000000,
0.278867,
0.000000,
0.278847,
0.000000,
0.278828,
0.000000,
0.278812,
0.000000,
0.278798,
0.000000,
0.278785,
0.000000,
0.278775,
0.000000,
0.278767,
0.000000,
0.278761,
0.000000,
0.278757,
0.000000,
0.278755,
