-0.00613588464915448,
0.999981175282601,
-0.0122715382857199,
0.999924701839145,
-0.0184067299058048,
0.999830581795823,
-0.0245412285229123,
0.999698818696204,
-0.0306748031766366,
0.999529417501093,
-0.0368072229413588,
0.999322384588350,
-0.0429382569349408,
0.999077727752645,
-0.0490676743274180,
0.998795456205172,
-0.0551952443496899,
0.998475580573295,
-0.0613207363022086,
0.998118112900149,
-0.0674439195636641,
0.997723066644192,
-0.0735645635996674,
0.997290456678690,
-0.0796824379714301,
0.996820299291166,
-0.0857973123444399,
0.996312612182778,
-0.0919089564971327,
0.995767414467660,
-0.0980171403295606,
0.995184726672197,
-0.104121633872055,
0.994564570734255,
-0.110222207293883,
0.993906970002356,
-0.116318630911905,
0.993211949234795,
-0.122410675199216,
0.992479534598710,
-0.128498110793793,
0.991709753669100,
-0.134580708507126,
0.990902635427780,
-0.140658239332849,
0.990058210262297,
-0.146730474455362,
0.989176509964781,
-0.152797185258443,
0.988257567730750,
-0.158858143333861,
0.987301418157858,
-0.164913120489970,
0.986308097244599,
-0.170961888760301,
0.985277642388941,
-0.177004220412149,
0.984210092386929,
-0.183039887955141,
0.983105487431216,
-0.189068664149806,
0.981963869109555,
-0.195090322016128,
0.980785280403230,
-0.201104634842092,
0.979569765685441,
-0.207111376192219,
0.978317370719628,
-0.213110319916091,
0.977028142657754,
-0.219101240156870,
0.975702130038529,
-0.225083911359793,
0.974339382785576,
-0.231058108280671,
0.972939952205560,
-0.237023605994367,
0.971503890986252,
-0.242980179903264,
0.970031253194544,
-0.248927605745720,
0.968522094274417,
-0.254865659604515,
0.966976471044852,
-0.260794117915276,
0.965394441697689,
-0.266712757474898,
0.963776065795440,
-0.272621355449949,
0.962121404269042,
-0.278519689385053,
0.960430519415566,
-0.284407537211272,
0.958703474895872,
-0.290284677254462,
0.956940335732209,
-0.296150888243624,
0.955141168305771,
-0.302005949319228,
0.953306040354194,
-0.307849640041535,
0.951435020969008,
-0.313681740398892,
0.949528180593037,
-0.319502030816016,
0.947585591017741,
-0.325310292162263,
0.945607325380521,
-0.331106305759876,
0.943593458161960,
-0.336889853392220,
0.941544065183021,
-0.342660717311994,
0.939459223602190,
-0.348418680249435,
0.937339011912575,
-0.354163525420490,
0.935183509938948,
-0.359895036534988,
0.932992798834739,
-0.365612997804774,
0.930766961078984,
-0.371317193951838,
0.928506080473216,
-0.377007410216418,
0.926210242138311,
-0.382683432365090,
0.923879532511287,
-0.388345046698826,
0.921514039342042,
-0.393992040061048,
0.919113851690058,
-0.399624199845647,
0.916679059921043,
-0.405241314004990,
0.914209755703531,
-0.410843171057904,
0.911706032005430,
-0.416429560097637,
0.909167983090522,
-0.422000270799800,
0.906595704514915,
-0.427555093430282,
0.903989293123443,
-0.433093818853152,
0.901348847046022,
-0.438616238538528,
0.898674465693954,
-0.444122144570429,
0.895966249756185,
-0.449611329654607,
0.893224301195515,
-0.455083587126344,
0.890448723244758,
-0.460538710958240,
0.887639620402854,
-0.465976495767966,
0.884797098430938,
-0.471396736825998,
0.881921264348355,
-0.476799230063322,
0.879012226428634,
-0.482183772079123,
0.876070094195407,
-0.487550160148436,
0.873094978418290,
-0.492898192229784,
0.870086991108712,
-0.498227666972782,
0.867046245515693,
-0.503538383725718,
0.863972856121587,
-0.508830142543107,
0.860866938637767,
-0.514102744193222,
0.857728610000272,
-0.519355990165590,
0.854557988365401,
-0.524589682678469,
0.851355193105265,
-0.529803624686295,
0.848120344803297,
-0.534997619887097,
0.844853565249707,
-0.540171472729893,
0.841554977436898,
-0.545324988422047,
0.838224705554838,
-0.550457972936605,
0.834862874986380,
-0.555570233019602,
0.831469612302545,
-0.560661576197336,
0.828045045257756,
-0.565731810783613,
0.824589302785025,
-0.570780745886967,
0.821102514991105,
-0.575808191417845,
0.817584813151584,
-0.580813958095765,
0.814036329705948,
-0.585797857456439,
0.810457198252595,
-0.590759701858874,
0.806847553543799,
-0.595699304492433,
0.803207531480645,
-0.600616479383869,
0.799537269107905,
-0.605511041404326,
0.795836904608884,
-0.610382806276310,
0.792106577300212,
-0.615231590580627,
0.788346427626606,
-0.620057211763289,
0.784556597155575,
-0.624859488142386,
0.780737228572095,
-0.629638238914927,
0.776888465673232,
-0.634393284163646,
0.773010453362737,
-0.639124444863776,
0.769103337645580,
-0.643831542889791,
0.765167265622459,
-0.648514401022112,
0.761202385484262,
-0.653172842953777,
0.757208846506485,
-0.657806693297079,
0.753186799043613,
-0.662415777590172,
0.749136394523459,
-0.666999922303638,
0.745057785441466,
-0.671558954847018,
0.740951125354959,
-0.676092703575316,
0.736816568877370,
-0.680600997795453,
0.732654271672413,
-0.685083667772700,
0.728464390448225,
-0.689540544737067,
0.724247082951467,
-0.693971460889654,
0.720002507961382,
-0.698376249408973,
0.715730825283819,
-0.702754744457225,
0.711432195745216,
-0.707106781186548,
0.707106781186548,
-0.711432195745216,
0.702754744457225,
-0.715730825283819,
0.698376249408973,
-0.720002507961382,
0.693971460889654,
-0.724247082951467,
0.689540544737067,
-0.728464390448225,
0.685083667772700,
-0.732654271672413,
0.680600997795453,
-0.736816568877370,
0.676092703575316,
-0.740951125354959,
0.671558954847018,
-0.745057785441466,
0.666999922303638,
-0.749136394523459,
0.662415777590172,
-0.753186799043613,
0.657806693297079,
-0.757208846506485,
0.653172842953777,
-0.761202385484262,
0.648514401022113,
-0.765167265622459,
0.643831542889792,
-0.769103337645580,
0.639124444863776,
-0.773010453362737,
0.634393284163646,
-0.776888465673232,
0.629638238914927,
-0.780737228572094,
0.624859488142387,
-0.784556597155575,
0.620057211763289,
-0.788346427626606,
0.615231590580627,
-0.792106577300212,
0.610382806276310,
-0.795836904608884,
0.605511041404326,
-0.799537269107905,
0.600616479383869,
-0.803207531480645,
0.595699304492434,
-0.806847553543799,
0.590759701858874,
-0.810457198252595,
0.585797857456439,
-0.814036329705948,
0.580813958095765,
-0.817584813151584,
0.575808191417845,
-0.821102514991105,
0.570780745886967,
-0.824589302785025,
0.565731810783613,
-0.828045045257756,
0.560661576197336,
-0.831469612302545,
0.555570233019602,
-0.834862874986380,
0.550457972936605,
-0.838224705554838,
0.545324988422047,
-0.841554977436898,
0.540171472729893,
-0.844853565249707,
0.534997619887097,
-0.848120344803297,
0.529803624686295,
-0.851355193105265,
0.524589682678469,
-0.854557988365401,
0.519355990165590,
-0.857728610000272,
0.514102744193222,
-0.860866938637767,
0.508830142543107,
-0.863972856121587,
0.503538383725718,
-0.867046245515693,
0.498227666972782,
-0.870086991108711,
0.492898192229784,
-0.873094978418290,
0.487550160148436,
-0.876070094195407,
0.482183772079123,
-0.879012226428633,
0.476799230063322,
-0.881921264348355,
0.471396736825998,
-0.884797098430938,
0.465976495767966,
-0.887639620402854,
0.460538710958240,
-0.890448723244758,
0.455083587126344,
-0.893224301195515,
0.449611329654607,
-0.895966249756185,
0.444122144570429,
-0.898674465693954,
0.438616238538528,
-0.901348847046022,
0.433093818853152,
-0.903989293123443,
0.427555093430282,
-0.906595704514915,
0.422000270799800,
-0.909167983090522,
0.416429560097637,
-0.911706032005430,
0.410843171057904,
-0.914209755703531,
0.405241314004990,
-0.916679059921043,
0.399624199845647,
-0.919113851690058,
0.393992040061048,
-0.921514039342042,
0.388345046698826,
-0.923879532511287,
0.382683432365090,
-0.926210242138311,
0.377007410216418,
-0.928506080473216,
0.371317193951838,
-0.930766961078984,
0.365612997804774,
-0.932992798834739,
0.359895036534988,
-0.935183509938948,
0.354163525420491,
-0.937339011912575,
0.348418680249435,
-0.939459223602190,
0.342660717311994,
-0.941544065183021,
0.336889853392220,
-0.943593458161960,
0.331106305759876,
-0.945607325380521,
0.325310292162263,
-0.947585591017741,
0.319502030816016,
-0.949528180593037,
0.313681740398892,
-0.951435020969008,
0.307849640041535,
-0.953306040354194,
0.302005949319228,
-0.955141168305771,
0.296150888243624,
-0.956940335732209,
0.290284677254462,
-0.958703474895872,
0.284407537211272,
-0.960430519415566,
0.278519689385053,
-0.962121404269042,
0.272621355449949,
-0.963776065795440,
0.266712757474898,
-0.965394441697689,
0.260794117915276,
-0.966976471044852,
0.254865659604515,
-0.968522094274417,
0.248927605745720,
-0.970031253194544,
0.242980179903264,
-0.971503890986252,
0.237023605994367,
-0.972939952205560,
0.231058108280671,
-0.974339382785576,
0.225083911359793,
-0.975702130038529,
0.219101240156870,
-0.977028142657754,
0.213110319916091,
-0.978317370719628,
0.207111376192219,
-0.979569765685441,
0.201104634842092,
-0.980785280403230,
0.195090322016128,
-0.981963869109555,
0.189068664149806,
-0.983105487431216,
0.183039887955141,
-0.984210092386929,
0.177004220412149,
-0.985277642388941,
0.170961888760301,
-0.986308097244599,
0.164913120489970,
-0.987301418157858,
0.158858143333861,
-0.988257567730750,
0.152797185258443,
-0.989176509964781,
0.146730474455362,
-0.990058210262297,
0.140658239332849,
-0.990902635427780,
0.134580708507126,
-0.991709753669100,
0.128498110793793,
-0.992479534598710,
0.122410675199216,
-0.993211949234795,
0.116318630911905,
-0.993906970002356,
0.110222207293883,
-0.994564570734255,
0.104121633872055,
-0.995184726672197,
0.0980171403295608,
-0.995767414467660,
0.0919089564971327,
-0.996312612182778,
0.0857973123444399,
-0.996820299291166,
0.0796824379714301,
-0.997290456678690,
0.0735645635996675,
-0.997723066644192,
0.0674439195636641,
-0.998118112900149,
0.0613207363022087,
-0.998475580573295,
0.0551952443496900,
-0.998795456205172,
0.0490676743274181,
-0.999077727752645,
0.0429382569349410,
-0.999322384588350,
0.0368072229413590,
-0.999529417501093,
0.0306748031766366,
-0.999698818696204,
0.0245412285229123,
-0.999830581795823,
0.0184067299058048,
-0.999924701839145,
0.0122715382857199,
-0.999981175282601,
0.00613588464915452,
-1,
6.12323399573677e-17,
-0.999981175282601,
-0.00613588464915439,
-0.999924701839145,
-0.0122715382857198,
-0.999830581795823,
-0.0184067299058047,
-0.999698818696204,
-0.0245412285229121,
-0.999529417501093,
-0.0306748031766365,
-0.999322384588350,
-0.0368072229413589,
-0.999077727752645,
-0.0429382569349408,
-0.998795456205172,
-0.0490676743274180,
-0.998475580573295,
-0.0551952443496899,
-0.998118112900149,
-0.0613207363022085,
-0.997723066644192,
-0.0674439195636640,
-0.997290456678690,
-0.0735645635996673,
-0.996820299291166,
-0.0796824379714300,
-0.996312612182778,
-0.0857973123444398,
-0.995767414467660,
-0.0919089564971326,
-0.995184726672197,
-0.0980171403295607,
-0.994564570734255,
-0.104121633872055,
-0.993906970002356,
-0.110222207293883,
-0.993211949234795,
-0.116318630911905,
-0.992479534598710,
-0.122410675199216,
-0.991709753669100,
-0.128498110793793,
-0.990902635427780,
-0.134580708507126,
-0.990058210262297,
-0.140658239332849,
-0.989176509964781,
-0.146730474455362,
-0.988257567730750,
-0.152797185258443,
-0.987301418157858,
-0.158858143333861,
-0.986308097244599,
-0.164913120489970,
-0.985277642388941,
-0.170961888760301,
-0.984210092386929,
-0.177004220412149,
-0.983105487431216,
-0.183039887955141,
-0.981963869109555,
-0.189068664149806,
-0.980785280403230,
-0.195090322016128,
-0.979569765685441,
-0.201104634842092,
-0.978317370719628,
-0.207111376192218,
-0.977028142657754,
-0.213110319916091,
-0.975702130038529,
-0.219101240156870,
-0.974339382785576,
-0.225083911359793,
-0.972939952205560,
-0.231058108280671,
-0.971503890986252,
-0.237023605994367,
-0.970031253194544,
-0.242980179903264,
-0.968522094274417,
-0.248927605745720,
-0.966976471044852,
-0.254865659604515,
-0.965394441697689,
-0.260794117915275,
-0.963776065795440,
-0.266712757474898,
-0.962121404269042,
-0.272621355449949,
-0.960430519415566,
-0.278519689385053,
-0.958703474895872,
-0.284407537211272,
-0.956940335732209,
-0.290284677254462,
-0.955141168305771,
-0.296150888243624,
-0.953306040354194,
-0.302005949319228,
-0.951435020969008,
-0.307849640041535,
-0.949528180593037,
-0.313681740398891,
-0.947585591017741,
-0.319502030816016,
-0.945607325380521,
-0.325310292162263,
-0.943593458161960,
-0.331106305759876,
-0.941544065183021,
-0.336889853392220,
-0.939459223602190,
-0.342660717311994,
-0.937339011912575,
-0.348418680249434,
-0.935183509938948,
-0.354163525420490,
-0.932992798834739,
-0.359895036534988,
-0.930766961078984,
-0.365612997804774,
-0.928506080473216,
-0.371317193951838,
-0.926210242138311,
-0.377007410216418,
-0.923879532511287,
-0.382683432365090,
-0.921514039342042,
-0.388345046698826,
-0.919113851690058,
-0.393992040061048,
-0.916679059921043,
-0.399624199845647,
-0.914209755703531,
-0.405241314004990,
-0.911706032005430,
-0.410843171057904,
-0.909167983090523,
-0.416429560097637,
-0.906595704514915,
-0.422000270799800,
-0.903989293123443,
-0.427555093430282,
-0.901348847046022,
-0.433093818853152,
-0.898674465693954,
-0.438616238538527,
-0.895966249756185,
-0.444122144570429,
-0.893224301195515,
-0.449611329654607,
-0.890448723244758,
-0.455083587126344,
-0.887639620402854,
-0.460538710958240,
-0.884797098430938,
-0.465976495767966,
-0.881921264348355,
-0.471396736825998,
-0.879012226428634,
-0.476799230063322,
-0.876070094195407,
-0.482183772079123,
-0.873094978418290,
-0.487550160148436,
-0.870086991108712,
-0.492898192229784,
-0.867046245515693,
-0.498227666972782,
-0.863972856121587,
-0.503538383725718,
-0.860866938637767,
-0.508830142543107,
-0.857728610000272,
-0.514102744193222,
-0.854557988365401,
-0.519355990165590,
-0.851355193105265,
-0.524589682678469,
-0.848120344803297,
-0.529803624686295,
-0.844853565249707,
-0.534997619887097,
-0.841554977436898,
-0.540171472729893,
-0.838224705554838,
-0.545324988422046,
-0.834862874986380,
-0.550457972936605,
-0.831469612302545,
-0.555570233019602,
-0.828045045257756,
-0.560661576197336,
-0.824589302785025,
-0.565731810783613,
-0.821102514991105,
-0.570780745886967,
-0.817584813151584,
-0.575808191417845,
-0.814036329705949,
-0.580813958095764,
-0.810457198252595,
-0.585797857456439,
-0.806847553543799,
-0.590759701858874,
-0.803207531480645,
-0.595699304492433,
-0.799537269107905,
-0.600616479383869,
-0.795836904608884,
-0.605511041404325,
-0.792106577300212,
-0.610382806276310,
-0.788346427626606,
-0.615231590580627,
-0.784556597155575,
-0.620057211763289,
-0.780737228572095,
-0.624859488142386,
-0.776888465673232,
-0.629638238914927,
-0.773010453362737,
-0.634393284163645,
-0.769103337645580,
-0.639124444863776,
-0.765167265622459,
-0.643831542889791,
-0.761202385484262,
-0.648514401022112,
-0.757208846506485,
-0.653172842953777,
-0.753186799043613,
-0.657806693297079,
-0.749136394523459,
-0.662415777590172,
-0.745057785441466,
-0.666999922303637,
-0.740951125354959,
-0.671558954847018,
-0.736816568877370,
-0.676092703575316,
-0.732654271672413,
-0.680600997795453,
-0.728464390448225,
-0.685083667772700,
-0.724247082951467,
-0.689540544737067,
-0.720002507961382,
-0.693971460889654,
-0.715730825283819,
-0.698376249408973,
-0.711432195745217,
-0.702754744457225,
-0.707106781186548,
-0.707106781186548,
-0.702754744457225,
-0.711432195745217,
-0.698376249408973,
-0.715730825283819,
-0.693971460889654,
-0.720002507961382,
-0.689540544737067,
-0.724247082951467,
-0.685083667772700,
-0.728464390448225,
-0.680600997795453,
-0.732654271672413,
-0.676092703575316,
-0.736816568877370,
-0.671558954847019,
-0.740951125354959,
-0.666999922303638,
-0.745057785441466,
-0.662415777590172,
-0.749136394523459,
-0.657806693297079,
-0.753186799043612,
-0.653172842953777,
-0.757208846506485,
-0.648514401022113,
-0.761202385484262,
-0.643831542889791,
-0.765167265622459,
-0.639124444863776,
-0.769103337645580,
-0.634393284163646,
-0.773010453362737,
-0.629638238914927,
-0.776888465673232,
-0.624859488142386,
-0.780737228572095,
-0.620057211763289,
-0.784556597155575,
-0.615231590580627,
-0.788346427626606,
-0.610382806276310,
-0.792106577300212,
-0.605511041404326,
-0.795836904608884,
-0.600616479383869,
-0.799537269107905,
-0.595699304492434,
-0.803207531480645,
-0.590759701858874,
-0.806847553543799,
-0.585797857456439,
-0.810457198252595,
-0.580813958095765,
-0.814036329705948,
-0.575808191417845,
-0.817584813151584,
-0.570780745886967,
-0.821102514991105,
-0.565731810783614,
-0.824589302785025,
-0.560661576197336,
-0.828045045257756,
-0.555570233019602,
-0.831469612302545,
-0.550457972936605,
-0.834862874986380,
-0.545324988422046,
-0.838224705554838,
-0.540171472729893,
-0.841554977436898,
-0.534997619887097,
-0.844853565249707,
-0.529803624686295,
-0.848120344803297,
-0.524589682678469,
-0.851355193105265,
-0.519355990165590,
-0.854557988365400,
-0.514102744193222,
-0.857728610000272,
-0.508830142543107,
-0.860866938637767,
-0.503538383725718,
-0.863972856121587,
-0.498227666972782,
-0.867046245515693,
-0.492898192229784,
-0.870086991108711,
-0.487550160148436,
-0.873094978418290,
-0.482183772079123,
-0.876070094195407,
-0.476799230063322,
-0.879012226428634,
-0.471396736825998,
-0.881921264348355,
-0.465976495767966,
-0.884797098430938,
-0.460538710958240,
-0.887639620402854,
-0.455083587126344,
-0.890448723244758,
-0.449611329654607,
-0.893224301195515,
-0.444122144570429,
-0.895966249756185,
-0.438616238538528,
-0.898674465693954,
-0.433093818853152,
-0.901348847046022,
-0.427555093430282,
-0.903989293123443,
-0.422000270799800,
-0.906595704514915,
-0.416429560097637,
-0.909167983090522,
-0.410843171057904,
-0.911706032005430,
-0.405241314004990,
-0.914209755703531,
-0.399624199845647,
-0.916679059921043,
-0.393992040061048,
-0.919113851690058,
-0.388345046698827,
-0.921514039342042,
-0.382683432365090,
-0.923879532511287,
-0.377007410216418,
-0.926210242138311,
-0.371317193951838,
-0.928506080473216,
-0.365612997804774,
-0.930766961078984,
-0.359895036534988,
-0.932992798834739,
-0.354163525420490,
-0.935183509938948,
-0.348418680249435,
-0.937339011912575,
-0.342660717311994,
-0.939459223602190,
-0.336889853392220,
-0.941544065183021,
-0.331106305759877,
-0.943593458161960,
-0.325310292162263,
-0.945607325380521,
-0.319502030816016,
-0.947585591017741,
-0.313681740398891,
-0.949528180593037,
-0.307849640041535,
-0.951435020969008,
-0.302005949319228,
-0.953306040354194,
-0.296150888243624,
-0.955141168305771,
-0.290284677254462,
-0.956940335732209,
-0.284407537211272,
-0.958703474895872,
-0.278519689385053,
-0.960430519415566,
-0.272621355449949,
-0.962121404269042,
-0.266712757474899,
-0.963776065795440,
-0.260794117915276,
-0.965394441697689,
-0.254865659604515,
-0.966976471044852,
-0.248927605745720,
-0.968522094274417,
-0.242980179903264,
-0.970031253194544,
-0.237023605994367,
-0.971503890986252,
-0.231058108280671,
-0.972939952205560,
-0.225083911359793,
-0.974339382785576,
-0.219101240156870,
-0.975702130038529,
-0.213110319916091,
-0.977028142657754,
-0.207111376192219,
-0.978317370719628,
-0.201104634842092,
-0.979569765685441,
-0.195090322016129,
-0.980785280403230,
-0.189068664149806,
-0.981963869109555,
-0.183039887955141,
-0.983105487431216,
-0.177004220412149,
-0.984210092386929,
-0.170961888760301,
-0.985277642388941,
-0.164913120489970,
-0.986308097244599,
-0.158858143333861,
-0.987301418157858,
-0.152797185258444,
-0.988257567730750,
-0.146730474455362,
-0.989176509964781,
-0.140658239332850,
-0.990058210262297,
-0.134580708507126,
-0.990902635427780,
-0.128498110793793,
-0.991709753669100,
-0.122410675199216,
-0.992479534598710,
-0.116318630911905,
-0.993211949234795,
-0.110222207293883,
-0.993906970002356,
-0.104121633872055,
-0.994564570734255,
-0.0980171403295608,
-0.995184726672197,
-0.0919089564971328,
-0.995767414467660,
-0.0857973123444402,
-0.996312612182778,
-0.0796824379714302,
-0.996820299291166,
-0.0735645635996677,
-0.997290456678690,
-0.0674439195636642,
-0.997723066644192,
-0.0613207363022085,
-0.998118112900149,
-0.0551952443496901,
-0.998475580573295,
-0.0490676743274180,
-0.998795456205172,
-0.0429382569349410,
-0.999077727752645,
-0.0368072229413588,
-0.999322384588350,
-0.0306748031766369,
-0.999529417501093,
-0.0245412285229123,
-0.999698818696204,
-0.0184067299058051,
-0.999830581795823,
-0.0122715382857200,
-0.999924701839145,
-0.00613588464915480,
-0.999981175282601,
-1.22464679914735e-16,
-1,
0.00613588464915455,
-0.999981175282601,
0.0122715382857198,
-0.999924701839145,
0.0184067299058049,
-0.999830581795823,
0.0245412285229121,
-0.999698818696204,
0.0306748031766366,
-0.999529417501093,
0.0368072229413586,
-0.999322384588350,
0.0429382569349408,
-0.999077727752645,
0.0490676743274177,
-0.998795456205172,
0.0551952443496899,
-0.998475580573295,
0.0613207363022082,
-0.998118112900149,
0.0674439195636639,
-0.997723066644192,
0.0735645635996675,
-0.997290456678690,
0.0796824379714300,
-0.996820299291166,
0.0857973123444399,
-0.996312612182778,
0.0919089564971325,
-0.995767414467660,
0.0980171403295606,
-0.995184726672197,
0.104121633872054,
-0.994564570734256,
0.110222207293883,
-0.993906970002356,
0.116318630911904,
-0.993211949234795,
0.122410675199216,
-0.992479534598710,
0.128498110793793,
-0.991709753669100,
0.134580708507126,
-0.990902635427780,
0.140658239332849,
-0.990058210262297,
0.146730474455362,
-0.989176509964781,
0.152797185258443,
-0.988257567730750,
0.158858143333861,
-0.987301418157858,
0.164913120489970,
-0.986308097244599,
0.170961888760301,
-0.985277642388941,
0.177004220412149,
-0.984210092386929,
0.183039887955141,
-0.983105487431216,
0.189068664149806,
-0.981963869109555,
0.195090322016128,
-0.980785280403230,
0.201104634842092,
-0.979569765685441,
0.207111376192219,
-0.978317370719628,
0.213110319916091,
-0.977028142657754,
0.219101240156870,
-0.975702130038529,
0.225083911359793,
-0.974339382785576,
0.231058108280671,
-0.972939952205560,
0.237023605994367,
-0.971503890986252,
0.242980179903264,
-0.970031253194544,
0.248927605745720,
-0.968522094274417,
0.254865659604514,
-0.966976471044852,
0.260794117915276,
-0.965394441697689,
0.266712757474898,
-0.963776065795440,
0.272621355449949,
-0.962121404269042,
0.278519689385053,
-0.960430519415566,
0.284407537211272,
-0.958703474895872,
0.290284677254462,
-0.956940335732209,
0.296150888243624,
-0.955141168305771,
0.302005949319228,
-0.953306040354194,
0.307849640041535,
-0.951435020969008,
0.313681740398891,
-0.949528180593037,
0.319502030816016,
-0.947585591017741,
0.325310292162263,
-0.945607325380521,
0.331106305759876,
-0.943593458161960,
0.336889853392220,
-0.941544065183021,
0.342660717311994,
-0.939459223602190,
0.348418680249435,
-0.937339011912575,
0.354163525420490,
-0.935183509938948,
0.359895036534988,
-0.932992798834739,
0.365612997804774,
-0.930766961078984,
0.371317193951837,
-0.928506080473216,
0.377007410216418,
-0.926210242138312,
0.382683432365090,
-0.923879532511287,
0.388345046698826,
-0.921514039342042,
0.393992040061048,
-0.919113851690058,
0.399624199845647,
-0.916679059921043,
0.405241314004990,
-0.914209755703531,
0.410843171057904,
-0.911706032005430,
0.416429560097637,
-0.909167983090523,
0.422000270799800,
-0.906595704514915,
0.427555093430282,
-0.903989293123443,
0.433093818853152,
-0.901348847046022,
0.438616238538527,
-0.898674465693954,
0.444122144570429,
-0.895966249756185,
0.449611329654607,
-0.893224301195515,
0.455083587126344,
-0.890448723244758,
0.460538710958240,
-0.887639620402854,
0.465976495767966,
-0.884797098430938,
0.471396736825998,
-0.881921264348355,
0.476799230063322,
-0.879012226428634,
0.482183772079123,
-0.876070094195407,
0.487550160148436,
-0.873094978418290,
0.492898192229784,
-0.870086991108712,
0.498227666972782,
-0.867046245515693,
0.503538383725718,
-0.863972856121587,
0.508830142543107,
-0.860866938637767,
0.514102744193222,
-0.857728610000272,
0.519355990165590,
-0.854557988365401,
0.524589682678469,
-0.851355193105265,
0.529803624686295,
-0.848120344803297,
0.534997619887097,
-0.844853565249707,
0.540171472729893,
-0.841554977436898,
0.545324988422046,
-0.838224705554838,
0.550457972936605,
-0.834862874986380,
0.555570233019602,
-0.831469612302546,
0.560661576197336,
-0.828045045257756,
0.565731810783613,
-0.824589302785025,
0.570780745886967,
-0.821102514991105,
0.575808191417845,
-0.817584813151584,
0.580813958095764,
-0.814036329705949,
0.585797857456439,
-0.810457198252595,
0.590759701858874,
-0.806847553543799,
0.595699304492433,
-0.803207531480645,
0.600616479383869,
-0.799537269107905,
0.605511041404325,
-0.795836904608884,
0.610382806276310,
-0.792106577300212,
0.615231590580627,
-0.788346427626606,
0.620057211763289,
-0.784556597155575,
0.624859488142386,
-0.780737228572095,
0.629638238914927,
-0.776888465673232,
0.634393284163645,
-0.773010453362737,
0.639124444863776,
-0.769103337645580,
0.643831542889791,
-0.765167265622459,
0.648514401022112,
-0.761202385484262,
0.653172842953777,
-0.757208846506485,
0.657806693297079,
-0.753186799043613,
0.662415777590172,
-0.749136394523459,
0.666999922303637,
-0.745057785441466,
0.671558954847018,
-0.740951125354959,
0.676092703575316,
-0.736816568877370,
0.680600997795453,
-0.732654271672413,
0.685083667772700,
-0.728464390448225,
0.689540544737067,
-0.724247082951467,
0.693971460889654,
-0.720002507961382,
0.698376249408973,
-0.715730825283819,
0.702754744457225,
-0.711432195745217,
0.707106781186548,
-0.707106781186548,
0.711432195745216,
-0.702754744457225,
0.715730825283819,
-0.698376249408973,
0.720002507961382,
-0.693971460889654,
0.724247082951467,
-0.689540544737067,
0.728464390448225,
-0.685083667772700,
0.732654271672413,
-0.680600997795453,
0.736816568877370,
-0.676092703575316,
0.740951125354959,
-0.671558954847019,
0.745057785441466,
-0.666999922303638,
0.749136394523459,
-0.662415777590172,
0.753186799043612,
-0.657806693297079,
0.757208846506484,
-0.653172842953777,
0.761202385484262,
-0.648514401022112,
0.765167265622459,
-0.643831542889792,
0.769103337645580,
-0.639124444863776,
0.773010453362737,
-0.634393284163646,
0.776888465673233,
-0.629638238914927,
0.780737228572094,
-0.624859488142387,
0.784556597155575,
-0.620057211763289,
0.788346427626606,
-0.615231590580627,
0.792106577300212,
-0.610382806276309,
0.795836904608884,
-0.605511041404326,
0.799537269107905,
-0.600616479383869,
0.803207531480645,
-0.595699304492433,
0.806847553543799,
-0.590759701858874,
0.810457198252595,
-0.585797857456439,
0.814036329705948,
-0.580813958095765,
0.817584813151584,
-0.575808191417845,
0.821102514991105,
-0.570780745886967,
0.824589302785025,
-0.565731810783614,
0.828045045257756,
-0.560661576197337,
0.831469612302545,
-0.555570233019602,
0.834862874986380,
-0.550457972936605,
0.838224705554838,
-0.545324988422047,
0.841554977436899,
-0.540171472729893,
0.844853565249707,
-0.534997619887097,
0.848120344803297,
-0.529803624686295,
0.851355193105265,
-0.524589682678469,
0.854557988365401,
-0.519355990165589,
0.857728610000272,
-0.514102744193222,
0.860866938637767,
-0.508830142543107,
0.863972856121587,
-0.503538383725718,
0.867046245515693,
-0.498227666972782,
0.870086991108711,
-0.492898192229784,
0.873094978418290,
-0.487550160148436,
0.876070094195407,
-0.482183772079123,
0.879012226428633,
-0.476799230063322,
0.881921264348355,
-0.471396736825998,
0.884797098430938,
-0.465976495767967,
0.887639620402854,
-0.460538710958240,
0.890448723244758,
-0.455083587126344,
0.893224301195515,
-0.449611329654607,
0.895966249756185,
-0.444122144570430,
0.898674465693954,
-0.438616238538528,
0.901348847046022,
-0.433093818853152,
0.903989293123443,
-0.427555093430283,
0.906595704514915,
-0.422000270799800,
0.909167983090522,
-0.416429560097637,
0.911706032005430,
-0.410843171057904,
0.914209755703531,
-0.405241314004990,
0.916679059921043,
-0.399624199845647,
0.919113851690058,
-0.393992040061048,
0.921514039342042,
-0.388345046698827,
0.923879532511287,
-0.382683432365090,
0.926210242138311,
-0.377007410216418,
0.928506080473216,
-0.371317193951838,
0.930766961078984,
-0.365612997804774,
0.932992798834739,
-0.359895036534988,
0.935183509938948,
-0.354163525420490,
0.937339011912575,
-0.348418680249435,
0.939459223602190,
-0.342660717311995,
0.941544065183021,
-0.336889853392220,
0.943593458161960,
-0.331106305759877,
0.945607325380521,
-0.325310292162263,
0.947585591017741,
-0.319502030816015,
0.949528180593037,
-0.313681740398891,
0.951435020969008,
-0.307849640041535,
0.953306040354194,
-0.302005949319229,
0.955141168305771,
-0.296150888243624,
0.956940335732209,
-0.290284677254462,
0.958703474895872,
-0.284407537211272,
0.960430519415566,
-0.278519689385054,
0.962121404269042,
-0.272621355449949,
0.963776065795440,
-0.266712757474899,
0.965394441697689,
-0.260794117915276,
0.966976471044852,
-0.254865659604514,
0.968522094274417,
-0.248927605745720,
0.970031253194544,
-0.242980179903264,
0.971503890986252,
-0.237023605994368,
0.972939952205560,
-0.231058108280671,
0.974339382785576,
-0.225083911359793,
0.975702130038529,
-0.219101240156870,
0.977028142657754,
-0.213110319916092,
0.978317370719628,
-0.207111376192218,
0.979569765685441,
-0.201104634842092,
0.980785280403230,
-0.195090322016129,
0.981963869109555,
-0.189068664149806,
0.983105487431216,
-0.183039887955141,
0.984210092386929,
-0.177004220412149,
0.985277642388941,
-0.170961888760302,
0.986308097244599,
-0.164913120489970,
0.987301418157858,
-0.158858143333862,
0.988257567730750,
-0.152797185258444,
0.989176509964781,
-0.146730474455362,
0.990058210262297,
-0.140658239332849,
0.990902635427780,
-0.134580708507126,
0.991709753669100,
-0.128498110793794,
0.992479534598710,
-0.122410675199216,
0.993211949234795,
-0.116318630911905,
0.993906970002356,
-0.110222207293883,
0.994564570734255,
-0.104121633872055,
0.995184726672197,
-0.0980171403295605,
0.995767414467660,
-0.0919089564971328,
0.996312612182778,
-0.0857973123444402,
0.996820299291166,
-0.0796824379714307,
0.997290456678690,
-0.0735645635996674,
0.997723066644192,
-0.0674439195636642,
0.998118112900149,
-0.0613207363022090,
0.998475580573295,
-0.0551952443496897,
0.998795456205172,
-0.0490676743274180,
0.999077727752645,
-0.0429382569349411,
0.999322384588349,
-0.0368072229413593,
0.999529417501093,
-0.0306748031766365,
0.999698818696204,
-0.0245412285229124,
0.999830581795823,
-0.0184067299058052,
0.999924701839145,
-0.0122715382857205,
0.999981175282601,
-0.00613588464915442,
1,
-1.83697019872103e-16,
0.999981175282601,
0.00613588464915405,
0.999924701839145,
0.0122715382857201,
0.999830581795823,
0.0184067299058048,
0.999698818696204,
0.0245412285229120,
0.999529417501093,
0.0306748031766361,
0.999322384588350,
0.0368072229413590,
0.999077727752645,
0.0429382569349407,
0.998795456205172,
0.0490676743274177,
0.998475580573295,
0.0551952443496893,
0.998118112900149,
0.0613207363022086,
0.997723066644192,
0.0674439195636639,
0.997290456678690,
0.0735645635996670,
0.996820299291166,
0.0796824379714303,
0.996312612182778,
0.0857973123444399,
0.995767414467660,
0.0919089564971325,
0.995184726672197,
0.0980171403295601,
0.994564570734255,
0.104121633872055,
0.993906970002356,
0.110222207293883,
0.993211949234795,
0.116318630911904,
0.992479534598710,
0.122410675199216,
0.991709753669100,
0.128498110793793,
0.990902635427780,
0.134580708507126,
0.990058210262297,
0.140658239332849,
0.989176509964781,
0.146730474455362,
0.988257567730750,
0.152797185258443,
0.987301418157858,
0.158858143333861,
0.986308097244599,
0.164913120489969,
0.985277642388941,
0.170961888760301,
0.984210092386929,
0.177004220412149,
0.983105487431216,
0.183039887955141,
0.981963869109555,
0.189068664149806,
0.980785280403230,
0.195090322016128,
0.979569765685441,
0.201104634842092,
0.978317370719628,
0.207111376192218,
0.977028142657754,
0.213110319916092,
0.975702130038529,
0.219101240156870,
0.974339382785576,
0.225083911359793,
0.972939952205560,
0.231058108280671,
0.971503890986252,
0.237023605994367,
0.970031253194544,
0.242980179903264,
0.968522094274417,
0.248927605745720,
0.966976471044852,
0.254865659604514,
0.965394441697689,
0.260794117915276,
0.963776065795440,
0.266712757474898,
0.962121404269042,
0.272621355449949,
0.960430519415566,
0.278519689385053,
0.958703474895872,
0.284407537211272,
0.956940335732209,
0.290284677254462,
0.955141168305771,
0.296150888243623,
0.953306040354194,
0.302005949319228,
0.951435020969008,
0.307849640041535,
0.949528180593037,
0.313681740398891,
0.947585591017741,
0.319502030816015,
0.945607325380521,
0.325310292162263,
0.943593458161960,
0.331106305759876,
0.941544065183021,
0.336889853392220,
0.939459223602190,
0.342660717311995,
0.937339011912575,
0.348418680249435,
0.935183509938948,
0.354163525420490,
0.932992798834739,
0.359895036534988,
0.930766961078984,
0.365612997804774,
0.928506080473216,
0.371317193951837,
0.926210242138312,
0.377007410216418,
0.923879532511287,
0.382683432365090,
0.921514039342042,
0.388345046698826,
0.919113851690058,
0.393992040061048,
0.916679059921043,
0.399624199845646,
0.914209755703531,
0.405241314004990,
0.911706032005430,
0.410843171057904,
0.909167983090523,
0.416429560097637,
0.906595704514916,
0.422000270799799,
0.903989293123443,
0.427555093430282,
0.901348847046022,
0.433093818853152,
0.898674465693954,
0.438616238538527,
0.895966249756185,
0.444122144570429,
0.893224301195515,
0.449611329654607,
0.890448723244758,
0.455083587126344,
0.887639620402854,
0.460538710958240,
0.884797098430938,
0.465976495767966,
0.881921264348355,
0.471396736825998,
0.879012226428634,
0.476799230063322,
0.876070094195407,
0.482183772079122,
0.873094978418290,
0.487550160148436,
0.870086991108712,
0.492898192229784,
0.867046245515693,
0.498227666972782,
0.863972856121587,
0.503538383725718,
0.860866938637767,
0.508830142543107,
0.857728610000272,
0.514102744193222,
0.854557988365401,
0.519355990165589,
0.851355193105265,
0.524589682678469,
0.848120344803297,
0.529803624686295,
0.844853565249707,
0.534997619887097,
0.841554977436899,
0.540171472729892,
0.838224705554838,
0.545324988422047,
0.834862874986380,
0.550457972936605,
0.831469612302546,
0.555570233019602,
0.828045045257756,
0.560661576197336,
0.824589302785025,
0.565731810783613,
0.821102514991105,
0.570780745886967,
0.817584813151584,
0.575808191417845,
0.814036329705948,
0.580813958095765,
0.810457198252595,
0.585797857456439,
0.806847553543799,
0.590759701858874,
0.803207531480645,
0.595699304492433,
0.799537269107905,
0.600616479383869,
0.795836904608884,
0.605511041404325,
0.792106577300213,
0.610382806276309,
0.788346427626606,
0.615231590580627,
0.784556597155575,
0.620057211763289,
0.780737228572095,
0.624859488142386,
0.776888465673233,
0.629638238914927,
0.773010453362737,
0.634393284163646,
0.769103337645580,
0.639124444863776,
0.765167265622459,
0.643831542889791,
0.761202385484262,
0.648514401022112,
0.757208846506485,
0.653172842953777,
0.753186799043613,
0.657806693297079,
0.749136394523460,
0.662415777590172,
0.745057785441466,
0.666999922303638,
0.740951125354959,
0.671558954847018,
0.736816568877370,
0.676092703575316,
0.732654271672413,
0.680600997795453,
0.728464390448225,
0.685083667772701,
0.724247082951467,
0.689540544737067,
0.720002507961382,
0.693971460889654,
0.715730825283819,
0.698376249408972,
0.711432195745216,
0.702754744457225,
0.707106781186548,
0.707106781186547,
0.702754744457226,
0.711432195745216,
0.698376249408973,
0.715730825283819,
0.693971460889654,
0.720002507961382,
0.689540544737067,
0.724247082951467,
0.685083667772701,
0.728464390448225,
0.680600997795453,
0.732654271672413,
0.676092703575316,
0.736816568877370,
0.671558954847019,
0.740951125354959,
0.666999922303638,
0.745057785441466,
0.662415777590172,
0.749136394523459,
0.657806693297079,
0.753186799043612,
0.653172842953777,
0.757208846506484,
0.648514401022112,
0.761202385484262,
0.643831542889792,
0.765167265622459,
0.639124444863776,
0.769103337645580,
0.634393284163646,
0.773010453362737,
0.629638238914927,
0.776888465673232,
0.624859488142387,
0.780737228572094,
0.620057211763289,
0.784556597155575,
0.615231590580627,
0.788346427626606,
0.610382806276310,
0.792106577300212,
0.605511041404326,
0.795836904608883,
0.600616479383869,
0.799537269107905,
0.595699304492433,
0.803207531480645,
0.590759701858874,
0.806847553543799,
0.585797857456439,
0.810457198252595,
0.580813958095765,
0.814036329705948,
0.575808191417845,
0.817584813151584,
0.570780745886967,
0.821102514991105,
0.565731810783614,
0.824589302785025,
0.560661576197337,
0.828045045257755,
0.555570233019602,
0.831469612302545,
0.550457972936605,
0.834862874986380,
0.545324988422047,
0.838224705554838,
0.540171472729893,
0.841554977436899,
0.534997619887097,
0.844853565249707,
0.529803624686295,
0.848120344803297,
0.524589682678469,
0.851355193105265,
0.519355990165590,
0.854557988365401,
0.514102744193222,
0.857728610000272,
0.508830142543107,
0.860866938637767,
0.503538383725718,
0.863972856121586,
0.498227666972782,
0.867046245515693,
0.492898192229784,
0.870086991108711,
0.487550160148436,
0.873094978418290,
0.482183772079123,
0.876070094195407,
0.476799230063322,
0.879012226428633,
0.471396736825998,
0.881921264348355,
0.465976495767967,
0.884797098430938,
0.460538710958240,
0.887639620402854,
0.455083587126344,
0.890448723244758,
0.449611329654607,
0.893224301195515,
0.444122144570430,
0.895966249756185,
0.438616238538528,
0.898674465693954,
0.433093818853152,
0.901348847046022,
0.427555093430283,
0.903989293123443,
0.422000270799800,
0.906595704514915,
0.416429560097637,
0.909167983090522,
0.410843171057904,
0.911706032005430,
0.405241314004990,
0.914209755703531,
0.399624199845647,
0.916679059921043,
0.393992040061048,
0.919113851690058,
0.388345046698827,
0.921514039342042,
0.382683432365090,
0.923879532511287,
0.377007410216418,
0.926210242138311,
0.371317193951838,
0.928506080473216,
0.365612997804774,
0.930766961078984,
0.359895036534988,
0.932992798834739,
0.354163525420491,
0.935183509938948,
0.348418680249435,
0.937339011912575,
0.342660717311995,
0.939459223602190,
0.336889853392220,
0.941544065183021,
0.331106305759877,
0.943593458161960,
0.325310292162263,
0.945607325380521,
0.319502030816015,
0.947585591017741,
0.313681740398892,
0.949528180593037,
0.307849640041535,
0.951435020969008,
0.302005949319229,
0.953306040354194,
0.296150888243624,
0.955141168305771,
0.290284677254463,
0.956940335732209,
0.284407537211272,
0.958703474895872,
0.278519689385054,
0.960430519415566,
0.272621355449949,
0.962121404269042,
0.266712757474899,
0.963776065795440,
0.260794117915276,
0.965394441697689,
0.254865659604514,
0.966976471044852,
0.248927605745720,
0.968522094274417,
0.242980179903264,
0.970031253194544,
0.237023605994368,
0.971503890986252,
0.231058108280671,
0.972939952205560,
0.225083911359793,
0.974339382785576,
0.219101240156870,
0.975702130038529,
0.213110319916092,
0.977028142657754,
0.207111376192219,
0.978317370719628,
0.201104634842092,
0.979569765685441,
0.195090322016129,
0.980785280403230,
0.189068664149806,
0.981963869109555,
0.183039887955141,
0.983105487431216,
0.177004220412149,
0.984210092386929,
0.170961888760302,
0.985277642388941,
0.164913120489970,
0.986308097244599,
0.158858143333862,
0.987301418157858,
0.152797185258444,
0.988257567730750,
0.146730474455362,
0.989176509964781,
0.140658239332849,
0.990058210262297,
0.134580708507126,
0.990902635427780,
0.128498110793794,
0.991709753669099,
0.122410675199216,
0.992479534598710,
0.116318630911905,
0.993211949234795,
0.110222207293883,
0.993906970002356,
0.104121633872055,
0.994564570734255,
0.0980171403295605,
0.995184726672197,
0.0919089564971329,
0.995767414467660,
0.0857973123444403,
0.996312612182778,
0.0796824379714308,
0.996820299291166,
0.0735645635996674,
0.997290456678690,
0.0674439195636643,
0.997723066644192,
0.0613207363022091,
0.998118112900149,
0.0551952443496898,
0.998475580573295,
0.0490676743274181,
0.998795456205172,
0.0429382569349411,
0.999077727752645,
0.0368072229413594,
0.999322384588349,
0.0306748031766365,
0.999529417501093,
0.0245412285229124,
0.999698818696204,
0.0184067299058052,
0.999830581795823,
0.0122715382857206,
0.999924701839145,
0.00613588464915448,
0.999981175282601,
2.44929359829471e-16,
1
